4.7,4.66,-4.47,2.35,4.08,3.33,back-to-forth-swing
3.6,2.79,-3.34,2.29,2.98,3.9,back-to-forth-swing
4.5,2.73,-3.41,1.21,3.25,4.05,back-to-forth-swing
2.63,1.15,-5.38,1.48,3.66,1.34,back-to-forth-swing
1.91,4.39,-5.03,2.24,4.36,4.35,back-to-forth-swing
3.79,3.7,-5.63,2.25,3.02,3.05,back-to-forth-swing
4.15,1.61,-3.97,4.72,4.04,2.83,back-to-forth-swing
4.17,1.98,-5.28,1.07,2.78,1.59,back-to-forth-swing
3.66,2.75,-5.22,1.61,4.46,2.29,back-to-forth-swing
2.39,1.07,-5.71,3.55,2.39,2.04,back-to-forth-swing
3.71,1.09,-3.2,3.96,2.7,3.57,back-to-forth-swing
1.16,3.51,-5.49,1.57,1.26,2.3,back-to-forth-swing
3.66,4.59,-3.11,3.43,4.83,3.0,back-to-forth-swing
1.27,1.62,-3.22,3.74,1.95,4.9,back-to-forth-swing
4.56,3.25,-5.76,3.19,3.31,3.29,back-to-forth-swing
2.48,4.13,-5.55,2.34,2.24,1.11,back-to-forth-swing
1.83,2.6,-5.29,1.81,2.03,2.66,back-to-forth-swing
3.42,2.11,-4.3,3.04,1.81,2.43,back-to-forth-swing
3.86,1.25,-4.04,3.08,1.21,4.66,back-to-forth-swing
2.97,1.02,-5.31,1.78,2.93,3.23,back-to-forth-swing
3.31,2.37,-3.26,3.83,3.55,2.48,back-to-forth-swing
2.84,4.67,-3.02,4.32,3.31,3.18,back-to-forth-swing
1.42,3.14,-3.58,3.2,4.27,3.71,back-to-forth-swing
1.32,2.6,-4.24,3.25,1.32,4.26,back-to-forth-swing
4.33,3.85,-5.48,2.44,2.92,4.92,back-to-forth-swing
2.61,3.32,-3.71,2.95,2.9,2.56,back-to-forth-swing
1.68,1.55,-5.11,4.32,4.52,2.28,back-to-forth-swing
2.79,4.83,-5.22,3.04,1.43,3.84,back-to-forth-swing
2.88,1.71,-3.44,2.15,1.17,4.62,back-to-forth-swing
1.26,4.1,-3.09,1.09,1.5,4.4,back-to-forth-swing
4.85,3.1,-5.76,5.0,3.76,3.07,back-to-forth-swing
4.47,1.95,-5.5,3.1,2.22,2.98,back-to-forth-swing
3.4,2.21,-5.74,4.05,1.94,4.09,back-to-forth-swing
1.77,2.88,-5.24,3.12,2.66,3.5,back-to-forth-swing
3.79,1.68,-4.72,4.92,2.53,4.89,back-to-forth-swing
4.02,4.72,-3.94,4.97,4.59,2.66,back-to-forth-swing
2.6,1.17,-3.79,2.17,1.99,3.93,back-to-forth-swing
1.39,4.56,-4.93,4.41,4.23,3.19,back-to-forth-swing
3.3,3.35,-3.24,2.02,4.62,1.44,back-to-forth-swing
3.61,1.83,-5.47,1.92,1.0,4.55,back-to-forth-swing
3.34,4.72,-3.5,4.93,2.22,1.94,back-to-forth-swing
2.9,4.08,-5.57,2.67,1.67,3.89,back-to-forth-swing
2.51,1.92,-3.37,3.33,3.87,2.56,back-to-forth-swing
3.27,1.29,-4.63,1.2,3.44,1.25,back-to-forth-swing
4.41,2.22,-4.75,4.62,1.93,2.21,back-to-forth-swing
3.7,3.64,-5.09,4.32,4.25,1.46,back-to-forth-swing
3.78,4.73,-3.89,4.77,4.52,4.05,back-to-forth-swing
4.83,2.5,-3.14,2.64,4.21,2.26,back-to-forth-swing
2.36,3.21,-4.13,2.69,4.75,2.72,back-to-forth-swing
3.81,4.93,-5.04,4.49,4.71,4.1,back-to-forth-swing
4.75,3.37,-3.85,4.73,4.53,2.99,back-to-forth-swing
2.35,3.07,-4.63,4.11,2.77,3.62,back-to-forth-swing
2.12,1.4,-3.47,2.87,1.3,3.37,back-to-forth-swing
2.83,2.29,-4.72,3.94,1.19,1.29,back-to-forth-swing
2.15,4.53,-3.29,1.68,2.63,3.66,back-to-forth-swing
2.57,2.55,-3.15,1.3,2.86,4.29,back-to-forth-swing
4.36,2.98,-5.07,3.49,3.47,3.12,back-to-forth-swing
1.15,4.22,-5.66,4.93,2.45,3.39,back-to-forth-swing
1.78,4.89,-5.42,4.86,3.91,1.41,back-to-forth-swing
3.63,3.42,-5.52,4.04,2.27,2.22,back-to-forth-swing
1.94,1.2,-3.96,2.83,2.9,4.52,back-to-forth-swing
2.49,3.88,-3.09,2.8,2.27,4.18,back-to-forth-swing
1.85,4.56,-4.5,1.13,4.15,3.48,back-to-forth-swing
2.4,1.87,-3.46,4.68,1.54,1.77,back-to-forth-swing
1.59,3.41,-3.31,2.0,4.15,3.77,back-to-forth-swing
1.49,3.35,-3.44,2.5,4.27,3.29,back-to-forth-swing
2.36,3.86,-3.82,3.92,4.69,3.05,back-to-forth-swing
1.34,2.83,-4.77,1.12,3.38,4.08,back-to-forth-swing
3.83,2.39,-4.32,3.14,3.27,2.87,back-to-forth-swing
3.95,2.06,-4.14,4.25,3.82,2.55,back-to-forth-swing
4.19,2.59,-5.77,1.98,1.41,1.27,back-to-forth-swing
4.32,3.68,-5.51,1.99,2.93,4.25,back-to-forth-swing
2.39,2.26,-3.19,4.07,4.09,1.77,back-to-forth-swing
4.1,1.79,-5.62,2.07,1.95,4.17,back-to-forth-swing
2.53,2.08,-3.01,2.35,3.02,3.7,back-to-forth-swing
4.82,3.37,-3.59,4.89,2.18,1.24,back-to-forth-swing
2.01,4.28,-4.22,3.52,3.68,3.68,back-to-forth-swing
2.55,4.8,-4.37,3.5,4.46,3.62,back-to-forth-swing
2.78,2.43,-3.24,3.84,3.3,2.65,back-to-forth-swing
3.07,2.14,-4.32,1.92,1.03,4.2,back-to-forth-swing
2.19,1.25,-5.06,4.65,3.42,3.01,back-to-forth-swing
2.63,3.17,-3.68,1.12,4.55,1.52,back-to-forth-swing
1.92,3.33,-5.86,3.97,2.12,1.21,back-to-forth-swing
4.33,1.9,-4.02,3.2,1.76,1.95,back-to-forth-swing
2.74,2.05,-5.27,4.31,4.51,1.27,back-to-forth-swing
1.82,1.32,-5.23,1.67,2.78,4.14,back-to-forth-swing
1.4,2.95,-5.55,3.18,1.49,3.04,back-to-forth-swing
3.66,4.71,-3.42,3.59,3.15,2.42,back-to-forth-swing
4.06,1.55,-4.35,1.95,1.86,2.63,back-to-forth-swing
1.57,2.09,-5.45,2.42,4.33,1.49,back-to-forth-swing
1.3,2.29,-3.43,3.85,3.24,2.16,back-to-forth-swing
4.18,2.47,-3.1,1.7,3.25,4.58,back-to-forth-swing
1.09,3.83,-3.56,1.22,3.73,3.3,back-to-forth-swing
4.12,1.73,-5.93,1.59,4.81,1.35,back-to-forth-swing
4.5,2.46,-5.65,4.38,1.7,4.07,back-to-forth-swing
3.89,1.8,-5.94,1.2,1.73,4.9,back-to-forth-swing
4.46,4.86,-5.72,1.38,2.31,3.11,back-to-forth-swing
4.62,4.94,-5.35,2.79,3.39,3.49,back-to-forth-swing
3.77,4.12,-3.31,2.5,4.07,3.97,back-to-forth-swing
4.97,1.92,-4.16,2.39,1.02,2.27,back-to-forth-swing
3.82,4.73,-3.61,2.45,1.64,4.4,back-to-forth-swing
3.08,1.48,-5.99,3.14,2.56,2.21,back-to-forth-swing
4.83,3.29,-4.86,3.23,2.46,1.68,back-to-forth-swing
4.71,2.25,-3.02,2.76,3.11,4.17,back-to-forth-swing
4.13,3.25,-4.14,1.91,1.34,3.4,back-to-forth-swing
4.98,1.18,-3.71,4.28,2.81,2.83,back-to-forth-swing
4.03,2.99,-3.72,4.37,1.97,4.21,back-to-forth-swing
2.37,4.5,-3.22,3.66,4.99,1.62,back-to-forth-swing
4.13,1.72,-4.42,4.37,1.08,2.07,back-to-forth-swing
4.64,3.83,-4.95,4.77,3.72,3.41,back-to-forth-swing
3.26,3.59,-5.0,1.23,4.88,4.2,back-to-forth-swing
4.81,3.98,-3.61,4.53,2.06,3.37,back-to-forth-swing
1.36,4.78,-4.15,1.38,4.93,4.33,back-to-forth-swing
4.74,3.26,-5.27,2.52,1.29,3.45,back-to-forth-swing
4.09,4.67,-5.03,3.23,2.47,1.7,back-to-forth-swing
3.49,1.21,-4.7,1.25,4.7,4.97,back-to-forth-swing
4.62,4.29,-4.01,2.91,2.5,4.58,back-to-forth-swing
4.1,4.98,-5.45,2.13,4.92,4.57,back-to-forth-swing
2.37,3.07,-4.68,3.04,3.2,4.39,back-to-forth-swing
4.45,2.94,-3.18,1.02,4.18,3.84,back-to-forth-swing
3.09,1.34,-4.0,2.72,4.76,2.16,back-to-forth-swing
3.5,3.68,-5.87,3.76,2.67,3.75,back-to-forth-swing
4.1,4.74,-4.03,3.85,4.27,3.7,back-to-forth-swing
4.06,1.79,-3.03,3.7,1.77,1.21,back-to-forth-swing
1.83,4.58,-5.54,3.42,2.27,4.45,back-to-forth-swing
3.42,3.32,-3.36,3.97,1.95,1.45,back-to-forth-swing
2.1,2.31,-4.28,4.39,1.87,3.78,back-to-forth-swing
1.81,1.93,-5.5,1.79,1.26,4.85,back-to-forth-swing
3.23,1.27,-4.38,3.33,3.68,1.11,back-to-forth-swing
4.59,4.94,-4.84,3.41,1.5,3.69,back-to-forth-swing
3.37,2.58,-5.56,4.56,2.41,1.46,back-to-forth-swing
2.43,3.62,-4.32,2.22,2.64,4.07,back-to-forth-swing
4.68,1.67,-3.29,2.73,1.47,3.65,back-to-forth-swing
2.0,1.62,-3.79,4.78,4.61,3.12,back-to-forth-swing
1.61,1.21,-4.74,1.47,2.92,3.46,back-to-forth-swing
4.82,3.57,-3.82,2.37,4.73,2.61,back-to-forth-swing
3.29,3.91,-4.53,1.15,4.5,1.3,back-to-forth-swing
4.57,4.05,-5.61,2.39,3.48,2.24,back-to-forth-swing
1.67,3.71,-5.85,2.47,1.57,4.28,back-to-forth-swing
4.08,2.52,-5.84,3.66,3.5,3.94,back-to-forth-swing
1.81,2.48,-4.07,3.58,3.56,3.85,back-to-forth-swing
1.95,3.02,-3.3,3.57,2.87,1.5,back-to-forth-swing
4.28,2.9,-5.23,2.21,2.63,4.57,back-to-forth-swing
3.54,2.85,-5.25,2.86,4.66,5.0,back-to-forth-swing
4.82,4.19,-4.44,2.17,3.54,3.5,back-to-forth-swing
3.16,2.11,-3.21,1.81,3.11,1.15,back-to-forth-swing
1.75,2.86,-3.84,1.62,1.87,4.09,back-to-forth-swing
3.6,1.54,-3.27,3.24,2.08,2.53,back-to-forth-swing
4.45,3.91,-5.79,4.85,4.84,2.59,back-to-forth-swing
3.86,4.0,-5.52,2.64,3.02,3.83,back-to-forth-swing
1.38,1.45,-4.66,3.56,4.81,3.43,back-to-forth-swing
2.71,3.24,-3.76,3.71,2.53,4.09,back-to-forth-swing
1.69,4.32,-4.84,1.5,4.96,3.54,back-to-forth-swing
3.15,1.84,-5.11,1.6,4.92,2.62,back-to-forth-swing
1.15,2.91,-4.13,4.35,3.59,3.07,back-to-forth-swing
4.45,4.15,-3.68,2.2,1.11,4.91,back-to-forth-swing
1.25,4.22,-3.01,1.37,2.89,1.59,back-to-forth-swing
1.6,3.24,-3.2,4.5,3.44,3.9,back-to-forth-swing
3.95,4.74,-3.62,3.59,2.9,1.26,back-to-forth-swing
1.94,3.5,-5.89,1.36,3.97,3.35,back-to-forth-swing
3.38,1.33,-4.24,1.77,3.95,4.8,back-to-forth-swing
1.19,4.2,-3.14,1.53,4.42,4.21,back-to-forth-swing
3.01,2.8,-5.12,3.54,3.49,3.3,back-to-forth-swing
2.19,3.04,-4.14,1.39,1.92,3.75,back-to-forth-swing
1.65,3.46,-5.74,3.73,2.04,1.78,back-to-forth-swing
2.43,4.35,-3.58,1.39,3.84,2.71,back-to-forth-swing
2.54,5.87,3.03,4.35,3.37,2.41,down-to-up-swing
4.45,3.51,2.87,2.46,2.35,4.96,down-to-up-swing
4.93,4.28,3.05,4.63,3.84,2.68,down-to-up-swing
1.36,5.35,1.06,2.18,3.06,1.44,down-to-up-swing
2.92,3.88,4.03,3.06,2.25,1.26,down-to-up-swing
4.91,5.75,1.99,3.94,1.47,1.86,down-to-up-swing
3.74,3.17,2.19,3.53,2.63,1.01,down-to-up-swing
2.2,5.27,2.58,4.24,2.74,4.79,down-to-up-swing
2.92,3.15,4.37,2.79,3.35,4.99,down-to-up-swing
1.49,4.98,2.55,3.15,3.89,1.32,down-to-up-swing
3.83,4.79,4.23,3.34,1.71,3.65,down-to-up-swing
3.39,3.75,4.69,3.35,2.38,3.41,down-to-up-swing
4.42,5.2,1.99,3.67,3.99,4.87,down-to-up-swing
2.8,3.2,3.56,1.67,3.16,4.49,down-to-up-swing
1.29,3.69,2.07,3.8,3.15,3.15,down-to-up-swing
3.25,4.56,4.37,4.35,3.79,4.23,down-to-up-swing
3.58,3.4,2.93,3.55,3.48,1.88,down-to-up-swing
4.19,4.04,1.28,2.69,3.71,4.92,down-to-up-swing
1.54,4.57,2.67,3.18,4.24,3.55,down-to-up-swing
2.2,4.33,4.63,4.74,3.19,1.56,down-to-up-swing
1.22,4.02,2.97,1.91,2.04,2.16,down-to-up-swing
4.32,4.94,3.53,2.88,3.8,4.96,down-to-up-swing
3.49,4.83,2.64,1.73,2.07,3.6,down-to-up-swing
4.63,5.09,4.89,4.4,4.43,4.98,down-to-up-swing
4.45,3.02,2.75,5.0,4.98,3.65,down-to-up-swing
3.53,4.05,2.85,4.72,3.31,1.45,down-to-up-swing
3.68,3.14,3.14,3.11,4.78,3.95,down-to-up-swing
4.68,5.66,4.93,2.55,3.61,1.72,down-to-up-swing
3.91,3.12,1.43,4.48,3.61,1.33,down-to-up-swing
3.86,5.54,4.59,1.41,1.54,3.58,down-to-up-swing
1.97,3.2,1.06,3.83,4.86,1.26,down-to-up-swing
2.08,5.95,2.07,3.67,4.24,3.13,down-to-up-swing
2.21,5.59,4.19,4.63,2.86,4.32,down-to-up-swing
2.06,5.06,2.13,1.14,2.6,3.68,down-to-up-swing
3.31,4.95,4.31,4.96,4.69,3.5,down-to-up-swing
1.22,4.21,2.45,1.58,3.44,4.5,down-to-up-swing
3.37,4.08,3.11,3.73,1.25,2.04,down-to-up-swing
4.25,4.95,3.95,2.18,3.88,4.81,down-to-up-swing
3.01,4.93,1.13,3.04,1.52,4.0,down-to-up-swing
1.75,4.95,2.21,3.95,2.02,3.79,down-to-up-swing
3.71,5.63,1.32,2.02,3.88,2.04,down-to-up-swing
4.04,5.43,1.54,3.95,2.19,4.58,down-to-up-swing
1.54,5.42,2.52,1.39,3.8,2.7,down-to-up-swing
3.76,5.93,4.89,3.12,1.89,1.2,down-to-up-swing
1.73,4.82,4.84,4.06,4.28,2.26,down-to-up-swing
4.39,4.67,1.28,1.18,2.52,4.42,down-to-up-swing
2.65,3.18,1.74,1.84,2.59,3.13,down-to-up-swing
1.29,4.65,1.96,2.82,1.46,3.32,down-to-up-swing
3.81,3.92,3.12,1.47,4.41,1.27,down-to-up-swing
2.86,5.84,4.1,2.01,4.3,1.97,down-to-up-swing
1.23,5.3,3.35,2.09,2.86,1.99,down-to-up-swing
2.98,3.44,4.62,1.5,2.33,1.85,down-to-up-swing
3.46,4.58,3.4,1.03,2.65,2.39,down-to-up-swing
3.56,5.69,3.75,4.63,2.47,4.05,down-to-up-swing
2.08,5.8,1.54,1.96,1.04,3.21,down-to-up-swing
3.79,3.51,4.79,1.65,4.69,1.67,down-to-up-swing
4.81,5.0,1.49,4.81,4.14,2.06,down-to-up-swing
3.93,3.77,1.92,3.75,4.1,3.03,down-to-up-swing
3.1,5.71,4.55,1.71,1.75,4.25,down-to-up-swing
1.61,5.65,4.9,3.18,1.33,3.92,down-to-up-swing
1.27,3.29,3.0,3.12,3.21,2.64,down-to-up-swing
1.16,4.66,2.52,3.03,3.25,3.53,down-to-up-swing
1.73,3.76,2.74,1.66,2.36,4.86,down-to-up-swing
3.4,3.51,1.85,4.56,3.29,3.17,down-to-up-swing
1.54,3.64,2.64,1.7,2.23,2.92,down-to-up-swing
4.99,3.15,2.49,2.4,2.19,2.62,down-to-up-swing
1.59,3.93,4.81,4.77,3.72,2.37,down-to-up-swing
2.91,5.01,1.53,2.79,3.09,4.15,down-to-up-swing
4.6,4.84,2.13,1.17,2.81,1.04,down-to-up-swing
1.67,3.95,3.15,4.44,2.06,3.91,down-to-up-swing
3.58,5.74,4.78,1.01,4.9,2.45,down-to-up-swing
4.29,3.01,1.26,2.53,3.41,3.71,down-to-up-swing
2.06,5.95,3.45,4.77,4.05,3.18,down-to-up-swing
1.5,4.78,3.91,4.22,2.4,4.43,down-to-up-swing
1.33,5.86,3.83,2.34,2.47,4.21,down-to-up-swing
4.24,4.69,3.63,1.47,3.08,2.47,down-to-up-swing
4.97,4.66,3.55,1.83,2.57,3.2,down-to-up-swing
1.44,5.13,1.13,3.37,2.65,3.94,down-to-up-swing
3.52,3.47,2.56,2.89,3.23,1.78,down-to-up-swing
2.22,5.49,1.94,3.73,4.31,3.33,down-to-up-swing
3.86,4.66,4.36,1.19,3.97,4.9,down-to-up-swing
3.16,4.11,3.41,1.38,1.55,2.35,down-to-up-swing
1.47,5.45,2.09,1.4,1.25,2.78,down-to-up-swing
4.02,5.73,1.07,1.75,3.46,2.4,down-to-up-swing
3.84,3.35,4.33,2.15,2.95,2.18,down-to-up-swing
3.71,3.14,3.84,3.19,3.26,2.57,down-to-up-swing
1.29,3.28,3.44,4.05,2.16,2.48,down-to-up-swing
3.46,4.29,3.07,1.96,2.41,2.98,down-to-up-swing
2.46,3.38,2.48,3.42,1.13,3.85,down-to-up-swing
3.12,5.89,1.43,3.83,2.44,1.71,down-to-up-swing
2.65,5.71,2.81,3.11,4.17,4.88,down-to-up-swing
1.8,5.75,4.45,4.95,4.12,3.7,down-to-up-swing
2.78,5.91,3.18,4.64,1.29,1.54,down-to-up-swing
4.55,3.81,2.19,3.8,4.13,3.47,down-to-up-swing
3.85,3.92,2.2,1.25,3.11,1.64,down-to-up-swing
2.78,5.68,1.27,4.89,1.0,2.29,down-to-up-swing
2.57,4.44,1.97,3.59,3.88,4.7,down-to-up-swing
4.48,4.38,2.54,4.18,2.77,4.21,down-to-up-swing
3.48,4.05,2.79,3.98,1.73,5.0,down-to-up-swing
2.21,5.77,3.8,2.59,3.51,3.11,down-to-up-swing
4.77,5.39,3.23,1.48,4.8,3.33,down-to-up-swing
4.8,3.79,1.79,1.49,1.04,4.12,down-to-up-swing
3.25,5.74,2.18,3.15,4.44,4.43,down-to-up-swing
3.82,5.38,4.15,3.37,3.39,1.95,down-to-up-swing
2.51,5.41,2.84,1.89,2.39,3.76,down-to-up-swing
4.62,4.29,3.84,1.05,1.71,3.73,down-to-up-swing
4.12,4.08,4.9,2.36,2.93,4.93,down-to-up-swing
3.57,5.91,3.43,1.69,2.28,1.07,down-to-up-swing
2.79,5.16,4.33,4.84,2.96,3.72,down-to-up-swing
3.8,5.41,2.66,1.81,1.06,1.92,down-to-up-swing
3.99,5.38,2.55,4.09,3.16,4.18,down-to-up-swing
1.78,4.31,4.37,2.94,1.93,2.52,down-to-up-swing
1.75,5.56,1.06,2.97,1.37,3.62,down-to-up-swing
2.92,5.36,4.69,1.16,4.35,4.99,down-to-up-swing
2.77,3.32,3.8,3.49,4.74,4.75,down-to-up-swing
2.16,5.33,2.85,3.91,4.12,1.16,down-to-up-swing
2.66,5.2,4.53,2.45,1.82,1.56,down-to-up-swing
2.25,5.78,2.03,1.25,1.1,3.96,down-to-up-swing
3.44,5.37,1.03,4.48,4.78,3.09,down-to-up-swing
3.63,5.05,2.66,1.49,4.94,2.42,down-to-up-swing
3.89,5.73,1.01,1.58,1.75,2.15,down-to-up-swing
2.51,4.5,1.94,4.59,2.52,2.74,down-to-up-swing
4.8,3.06,1.48,4.98,2.9,1.92,down-to-up-swing
2.59,4.08,3.64,2.09,2.78,3.85,down-to-up-swing
4.88,3.45,2.15,2.47,1.73,2.18,down-to-up-swing
4.7,3.03,4.93,2.47,2.09,2.39,down-to-up-swing
4.91,3.27,4.82,3.12,4.3,3.69,down-to-up-swing
3.56,4.55,3.45,4.6,3.62,2.49,down-to-up-swing
1.04,5.77,1.34,3.63,2.79,1.64,down-to-up-swing
1.49,5.7,2.43,1.58,1.83,3.2,down-to-up-swing
1.23,3.67,1.0,4.06,1.74,1.08,down-to-up-swing
2.84,3.97,1.51,3.34,4.01,1.24,down-to-up-swing
4.52,3.35,2.83,4.16,2.3,3.26,down-to-up-swing
4.53,5.32,2.34,4.87,4.43,3.45,down-to-up-swing
2.46,3.76,4.92,3.26,2.04,4.48,down-to-up-swing
3.79,4.45,4.68,1.09,3.27,1.16,down-to-up-swing
4.8,4.8,2.6,2.62,4.13,3.19,down-to-up-swing
2.38,4.7,2.34,4.98,4.97,4.56,down-to-up-swing
1.14,5.39,2.83,3.82,4.19,4.56,down-to-up-swing
2.01,3.85,2.95,3.55,1.57,2.32,down-to-up-swing
4.64,3.79,1.62,4.73,3.27,2.5,down-to-up-swing
3.71,5.27,2.31,1.56,2.93,2.79,down-to-up-swing
1.64,4.44,3.24,4.43,3.31,1.42,down-to-up-swing
2.88,3.65,1.58,3.16,4.82,2.08,down-to-up-swing
4.84,5.81,3.25,3.41,3.75,2.64,down-to-up-swing
2.32,4.73,1.97,4.46,2.92,2.14,down-to-up-swing
1.4,5.98,2.93,2.9,2.64,2.58,down-to-up-swing
4.26,4.56,2.98,3.07,2.5,2.76,down-to-up-swing
4.06,5.52,1.98,4.79,2.91,1.02,down-to-up-swing
1.17,4.39,1.05,2.4,3.68,3.54,down-to-up-swing
1.73,4.24,1.16,1.8,3.38,4.18,down-to-up-swing
4.42,3.12,4.0,1.22,4.64,3.53,down-to-up-swing
1.07,5.31,2.15,1.19,4.89,1.04,down-to-up-swing
4.96,3.37,3.65,1.36,4.53,3.54,down-to-up-swing
3.0,4.4,4.46,2.5,4.46,2.57,down-to-up-swing
3.65,5.82,1.08,2.31,4.72,4.83,down-to-up-swing
3.18,3.41,4.77,1.87,2.09,3.12,down-to-up-swing
1.62,4.79,1.61,2.93,1.1,2.59,down-to-up-swing
4.14,5.8,1.96,1.01,1.94,1.79,down-to-up-swing
3.42,3.24,4.61,3.89,2.14,2.81,down-to-up-swing
1.85,4.65,3.41,2.35,2.89,2.03,down-to-up-swing
2.5,5.16,3.76,1.9,3.75,4.81,down-to-up-swing
1.09,3.95,2.03,1.15,1.97,2.42,down-to-up-swing
4.54,4.22,3.68,1.6,4.09,2.82,down-to-up-swing
3.75,5.39,2.49,2.53,1.36,3.53,down-to-up-swing
2.54,5.95,2.04,1.62,1.3,2.92,down-to-up-swing
4.29,2.13,4.42,3.8,3.99,2.16,forth-to-back-swing
1.29,3.31,4.92,4.23,2.75,3.3,forth-to-back-swing
4.51,1.15,5.42,2.71,3.96,3.16,forth-to-back-swing
1.93,1.05,3.72,1.6,4.3,4.08,forth-to-back-swing
4.25,1.91,3.83,3.0,3.81,1.24,forth-to-back-swing
4.68,2.4,4.27,2.2,3.1,1.87,forth-to-back-swing
2.43,2.89,5.47,3.27,1.05,4.73,forth-to-back-swing
2.62,3.21,3.5,2.52,4.15,1.06,forth-to-back-swing
2.42,4.02,5.32,4.16,1.34,3.04,forth-to-back-swing
3.14,5.0,5.87,1.4,1.96,4.48,forth-to-back-swing
2.26,2.65,5.68,2.58,3.96,2.8,forth-to-back-swing
4.32,3.2,5.96,4.51,4.25,1.51,forth-to-back-swing
2.66,1.69,4.55,3.78,4.68,3.63,forth-to-back-swing
3.27,2.37,4.68,3.86,2.46,2.53,forth-to-back-swing
4.22,3.26,5.23,4.22,3.38,3.96,forth-to-back-swing
3.66,4.69,4.39,1.74,1.8,3.51,forth-to-back-swing
3.04,2.91,5.85,3.13,4.07,3.17,forth-to-back-swing
2.87,2.19,3.21,4.08,1.37,2.79,forth-to-back-swing
1.6,1.9,5.48,3.22,1.81,3.96,forth-to-back-swing
3.27,2.14,5.92,1.09,3.2,1.54,forth-to-back-swing
4.37,1.91,5.57,4.46,2.41,3.16,forth-to-back-swing
4.49,1.88,3.66,1.74,2.09,4.56,forth-to-back-swing
2.13,4.43,5.53,4.89,3.69,1.32,forth-to-back-swing
1.31,1.4,5.36,3.85,4.59,2.86,forth-to-back-swing
4.31,3.53,3.62,3.35,1.11,4.82,forth-to-back-swing
4.58,1.86,3.14,1.2,1.61,3.9,forth-to-back-swing
3.03,4.76,4.94,3.63,2.58,1.95,forth-to-back-swing
1.6,2.43,4.23,4.17,4.42,4.8,forth-to-back-swing
4.98,1.39,4.18,1.78,2.54,1.22,forth-to-back-swing
1.37,4.42,4.73,2.59,1.75,2.82,forth-to-back-swing
4.25,2.98,4.99,4.51,1.9,4.06,forth-to-back-swing
3.74,3.38,5.47,2.86,3.87,3.94,forth-to-back-swing
1.3,2.98,5.44,2.16,3.15,2.82,forth-to-back-swing
3.4,3.39,4.98,4.39,1.9,2.54,forth-to-back-swing
4.99,2.28,5.32,4.27,2.64,4.65,forth-to-back-swing
3.52,4.17,5.54,2.1,1.34,2.88,forth-to-back-swing
2.89,3.63,3.47,4.21,4.6,1.38,forth-to-back-swing
1.48,1.7,4.4,3.49,4.03,2.56,forth-to-back-swing
2.7,3.13,5.22,3.82,3.6,4.24,forth-to-back-swing
3.48,4.5,4.33,1.26,1.79,1.69,forth-to-back-swing
3.71,1.42,5.9,4.86,4.5,4.15,forth-to-back-swing
1.92,1.69,3.49,4.02,2.12,3.27,forth-to-back-swing
4.31,2.79,5.07,1.62,4.17,3.79,forth-to-back-swing
1.26,4.13,4.38,4.58,1.47,1.52,forth-to-back-swing
3.32,2.84,4.07,4.87,3.69,4.84,forth-to-back-swing
4.61,3.31,4.46,2.69,2.93,3.51,forth-to-back-swing
3.66,1.14,3.16,4.7,2.94,2.48,forth-to-back-swing
2.52,2.73,4.61,2.52,3.43,1.1,forth-to-back-swing
1.21,3.12,4.82,2.36,2.15,4.98,forth-to-back-swing
2.89,4.21,5.78,4.52,2.4,3.32,forth-to-back-swing
2.51,4.5,4.75,1.93,2.12,2.02,forth-to-back-swing
2.89,1.3,5.44,3.39,3.0,2.56,forth-to-back-swing
4.36,4.82,4.35,4.82,2.65,4.31,forth-to-back-swing
4.18,2.33,4.99,1.33,1.93,2.07,forth-to-back-swing
3.53,3.13,3.72,1.57,1.91,4.97,forth-to-back-swing
3.03,1.81,4.01,2.64,3.82,3.15,forth-to-back-swing
2.64,2.1,5.04,3.27,4.85,3.25,forth-to-back-swing
4.55,2.28,3.3,2.06,3.27,1.67,forth-to-back-swing
4.41,3.42,4.22,4.3,2.6,3.15,forth-to-back-swing
2.19,1.28,4.2,2.07,4.48,1.8,forth-to-back-swing
3.53,2.58,4.41,4.03,1.53,2.02,forth-to-back-swing
2.86,2.02,3.85,3.74,4.8,1.64,forth-to-back-swing
2.79,1.36,3.06,1.95,1.93,2.84,forth-to-back-swing
4.91,2.47,4.14,4.88,2.81,1.21,forth-to-back-swing
2.03,1.08,4.13,3.26,2.82,4.94,forth-to-back-swing
4.41,1.33,3.58,3.48,1.41,4.66,forth-to-back-swing
2.83,1.04,3.51,3.93,4.74,4.08,forth-to-back-swing
2.66,1.19,4.56,3.88,1.48,2.78,forth-to-back-swing
3.13,1.9,3.65,2.92,3.29,2.2,forth-to-back-swing
4.48,3.5,5.11,1.21,3.01,3.43,forth-to-back-swing
2.43,1.14,5.48,3.26,3.92,5.0,forth-to-back-swing
2.76,3.93,5.03,2.79,3.21,3.91,forth-to-back-swing
3.26,1.01,3.52,3.18,1.47,1.64,forth-to-back-swing
4.17,3.4,5.34,1.95,4.38,2.69,forth-to-back-swing
1.79,4.23,4.7,1.75,3.65,2.35,forth-to-back-swing
3.66,3.19,3.66,3.51,1.05,2.69,forth-to-back-swing
1.61,4.83,4.41,1.33,1.02,1.65,forth-to-back-swing
2.96,1.38,3.34,3.95,2.83,2.58,forth-to-back-swing
3.46,5.0,4.99,3.81,2.86,4.17,forth-to-back-swing
1.53,4.18,4.89,4.28,2.45,3.25,forth-to-back-swing
1.32,2.02,5.15,2.08,3.0,3.65,forth-to-back-swing
1.68,3.86,3.53,3.33,4.59,3.81,forth-to-back-swing
3.42,3.78,5.58,2.69,4.77,4.35,forth-to-back-swing
1.3,4.55,3.89,2.95,4.39,2.23,forth-to-back-swing
3.61,1.12,4.83,2.08,4.99,1.35,forth-to-back-swing
2.49,1.14,5.74,3.36,3.29,1.04,forth-to-back-swing
1.66,1.31,4.08,4.54,4.5,3.8,forth-to-back-swing
2.62,1.73,5.23,3.26,2.85,2.5,forth-to-back-swing
1.6,3.94,3.6,3.42,3.71,4.47,forth-to-back-swing
1.85,4.99,4.7,2.53,1.65,4.44,forth-to-back-swing
2.45,2.49,5.46,4.35,2.11,3.13,forth-to-back-swing
3.29,2.73,5.69,4.23,4.44,1.57,forth-to-back-swing
3.84,2.35,5.16,1.06,1.35,1.22,forth-to-back-swing
4.98,4.98,5.19,3.44,3.46,3.21,forth-to-back-swing
3.17,4.26,5.69,1.59,3.66,3.94,forth-to-back-swing
1.13,2.98,3.26,1.52,2.27,3.95,forth-to-back-swing
2.58,4.52,3.79,3.47,3.05,4.83,forth-to-back-swing
4.3,4.17,3.15,2.36,3.46,2.08,forth-to-back-swing
4.19,3.69,5.02,2.91,3.97,4.49,forth-to-back-swing
1.1,1.51,4.14,2.26,1.33,2.73,forth-to-back-swing
4.99,4.49,3.1,4.71,2.95,1.8,forth-to-back-swing
4.71,1.06,3.64,4.94,3.29,2.7,forth-to-back-swing
3.62,3.95,4.86,2.56,2.07,2.14,forth-to-back-swing
2.51,1.19,4.11,1.69,2.91,1.84,forth-to-back-swing
4.34,1.88,5.52,3.59,1.0,1.6,forth-to-back-swing
4.24,4.83,3.96,3.39,4.28,2.83,forth-to-back-swing
2.82,4.85,3.33,2.23,4.33,1.25,forth-to-back-swing
1.6,4.96,5.03,3.72,4.46,4.86,forth-to-back-swing
3.97,3.78,5.64,1.34,2.71,2.56,forth-to-back-swing
1.87,2.04,3.43,1.47,3.77,2.13,forth-to-back-swing
1.62,4.0,3.92,3.81,4.98,3.77,forth-to-back-swing
3.23,1.18,3.43,3.6,2.08,3.26,forth-to-back-swing
1.71,2.71,3.57,1.78,4.12,3.43,forth-to-back-swing
2.32,4.7,3.55,4.35,4.27,3.45,forth-to-back-swing
1.81,1.11,5.26,2.13,2.72,4.92,forth-to-back-swing
4.8,2.94,4.6,2.95,3.44,4.27,forth-to-back-swing
2.77,4.47,5.72,2.85,3.99,1.42,forth-to-back-swing
1.65,2.02,3.59,4.68,3.91,4.53,forth-to-back-swing
4.31,4.12,4.91,2.92,1.64,2.83,forth-to-back-swing
2.92,3.74,5.18,1.85,4.38,2.35,forth-to-back-swing
2.24,3.26,5.77,4.58,1.98,2.06,forth-to-back-swing
2.45,2.56,4.08,4.94,2.3,4.27,forth-to-back-swing
1.73,1.37,5.62,2.08,2.18,1.55,forth-to-back-swing
4.95,3.89,4.95,2.86,2.63,4.81,forth-to-back-swing
1.86,2.87,4.22,4.96,4.02,2.62,forth-to-back-swing
2.57,1.67,4.44,4.19,4.03,2.19,forth-to-back-swing
4.72,4.11,4.16,1.61,4.35,4.61,forth-to-back-swing
4.46,4.93,3.03,2.57,1.18,3.5,forth-to-back-swing
2.83,3.55,3.98,3.69,2.77,2.09,forth-to-back-swing
3.72,1.04,3.42,2.38,4.93,2.32,forth-to-back-swing
1.71,3.51,5.46,4.56,3.62,3.46,forth-to-back-swing
2.49,3.55,3.28,2.6,2.27,4.16,forth-to-back-swing
4.24,2.84,4.67,1.27,1.52,4.16,forth-to-back-swing
2.91,3.3,4.59,3.93,1.75,1.01,forth-to-back-swing
2.52,2.56,3.74,1.73,4.7,4.4,forth-to-back-swing
4.56,3.14,5.46,4.11,3.59,1.86,forth-to-back-swing
3.41,1.59,4.38,1.59,4.22,4.65,forth-to-back-swing
1.38,1.47,4.2,3.67,3.68,2.77,forth-to-back-swing
4.92,1.44,5.74,2.44,2.07,4.95,forth-to-back-swing
1.3,1.49,4.6,3.19,3.36,4.58,forth-to-back-swing
3.65,3.05,3.14,3.84,1.74,4.51,forth-to-back-swing
2.11,1.55,5.45,3.75,3.42,4.72,forth-to-back-swing
3.99,4.09,5.62,1.34,2.34,2.36,forth-to-back-swing
1.86,3.63,5.42,1.44,1.66,1.31,forth-to-back-swing
4.28,3.89,5.81,3.38,4.23,4.12,forth-to-back-swing
3.82,2.85,4.51,2.92,2.86,2.71,forth-to-back-swing
4.1,4.33,4.26,1.19,4.97,2.28,forth-to-back-swing
3.81,3.3,4.39,1.43,1.77,4.83,forth-to-back-swing
2.36,2.22,4.32,2.73,4.38,2.71,forth-to-back-swing
4.61,2.94,3.06,1.84,1.3,3.36,forth-to-back-swing
4.99,3.78,4.0,4.41,2.7,4.07,forth-to-back-swing
1.16,1.89,4.96,3.65,1.29,1.93,forth-to-back-swing
4.96,1.75,4.01,4.34,2.21,3.53,forth-to-back-swing
3.29,2.37,4.95,3.62,3.73,2.23,forth-to-back-swing
1.07,4.29,3.76,1.29,3.74,2.73,forth-to-back-swing
1.17,3.25,3.9,3.58,1.39,2.86,forth-to-back-swing
2.6,3.98,4.83,1.8,4.42,1.94,forth-to-back-swing
1.92,4.08,4.46,2.75,4.67,2.75,forth-to-back-swing
4.03,1.11,4.39,1.88,1.29,1.04,forth-to-back-swing
4.21,4.82,5.9,4.61,2.61,3.26,forth-to-back-swing
2.66,3.79,5.7,2.06,3.11,4.21,forth-to-back-swing
3.36,2.79,5.97,2.26,1.38,1.02,forth-to-back-swing
3.55,1.55,5.93,1.45,1.93,1.91,forth-to-back-swing
3.91,3.64,4.27,3.42,1.56,4.18,forth-to-back-swing
4.38,3.76,5.84,1.01,1.96,2.65,forth-to-back-swing
4.91,1.31,3.13,1.15,2.24,3.99,forth-to-back-swing
4.27,4.66,1.15,2.75,1.89,-3.42,lean-back
2.44,3.83,4.21,1.12,3.15,-3.02,lean-back
2.16,2.84,4.9,4.92,1.21,-5.26,lean-back
1.61,2.59,2.43,3.93,2.74,-5.5,lean-back
4.96,3.62,1.06,2.06,4.82,-5.71,lean-back
4.25,1.34,2.2,1.1,4.67,-5.09,lean-back
3.24,3.29,3.72,3.59,4.18,-3.49,lean-back
1.3,3.3,4.16,4.57,1.6,-3.47,lean-back
1.77,1.55,4.7,2.27,3.44,-3.14,lean-back
1.29,2.75,1.65,1.33,3.56,-4.0,lean-back
3.79,2.12,4.44,2.16,2.23,-3.82,lean-back
4.63,3.15,3.25,3.0,4.44,-4.27,lean-back
2.05,4.91,1.55,4.38,3.1,-5.11,lean-back
4.56,3.59,1.04,2.23,1.13,-5.58,lean-back
2.75,4.99,1.32,2.46,3.37,-5.47,lean-back
3.71,3.3,2.49,2.99,4.75,-4.35,lean-back
1.01,3.89,2.17,1.37,1.18,-4.64,lean-back
1.9,2.34,4.76,4.75,2.28,-4.65,lean-back
3.16,2.65,2.7,2.05,2.82,-4.76,lean-back
1.46,2.73,3.9,1.99,3.23,-3.48,lean-back
1.69,2.22,1.53,4.21,2.61,-3.91,lean-back
4.45,1.87,3.11,2.17,4.7,-4.92,lean-back
2.75,3.23,3.22,4.26,1.98,-5.94,lean-back
2.45,1.2,1.35,2.33,2.62,-4.23,lean-back
4.61,3.7,2.6,3.54,1.88,-4.22,lean-back
2.07,3.19,4.66,2.19,2.52,-4.6,lean-back
4.0,1.05,3.81,2.17,3.39,-4.24,lean-back
2.03,4.11,3.81,2.92,1.31,-5.54,lean-back
3.72,3.37,4.38,2.42,1.89,-5.83,lean-back
2.48,2.33,2.15,2.17,3.71,-3.49,lean-back
1.64,3.47,3.68,4.22,1.91,-4.8,lean-back
4.12,3.55,1.99,3.14,3.85,-3.34,lean-back
3.61,4.35,3.82,4.77,2.84,-4.27,lean-back
4.03,3.65,2.36,4.04,3.22,-5.25,lean-back
1.67,3.41,5.0,1.51,1.5,-5.57,lean-back
2.94,4.49,2.55,1.31,1.51,-4.46,lean-back
2.62,1.06,3.5,4.56,1.92,-4.59,lean-back
2.46,4.67,2.5,1.25,4.67,-5.13,lean-back
2.08,1.62,1.09,1.19,4.84,-4.73,lean-back
4.69,2.95,2.59,1.73,4.11,-4.34,lean-back
1.5,4.11,1.59,1.48,3.46,-3.31,lean-back
4.16,1.12,3.14,4.88,4.97,-5.34,lean-back
1.78,3.16,4.71,2.23,1.17,-4.59,lean-back
1.21,4.8,3.8,4.59,2.56,-3.5,lean-back
2.18,2.33,3.92,1.81,4.22,-5.28,lean-back
2.33,1.38,4.84,3.28,2.44,-3.36,lean-back
3.92,2.72,2.33,3.13,4.11,-5.12,lean-back
1.79,1.58,3.72,3.79,2.01,-4.67,lean-back
4.08,4.5,2.8,2.9,2.96,-4.94,lean-back
3.32,3.49,1.22,4.72,3.62,-4.85,lean-back
1.42,2.71,2.76,3.53,1.66,-4.94,lean-back
4.34,1.16,3.2,2.22,3.98,-3.58,lean-back
3.3,3.35,1.51,2.49,4.74,-4.11,lean-back
1.12,3.59,3.92,2.16,2.51,-5.96,lean-back
3.55,2.34,2.21,3.35,3.12,-4.35,lean-back
2.02,2.81,2.06,1.24,3.38,-5.89,lean-back
2.22,4.57,1.2,4.3,3.27,-5.36,lean-back
1.94,1.51,3.35,2.39,4.56,-3.22,lean-back
3.04,2.25,4.58,1.58,3.91,-3.75,lean-back
4.44,4.5,1.9,4.89,2.25,-5.85,lean-back
1.79,1.39,2.98,3.72,3.0,-3.38,lean-back
2.19,1.16,3.26,1.08,1.34,-5.07,lean-back
2.83,3.82,4.64,2.56,4.6,-4.83,lean-back
2.11,1.9,4.63,3.32,1.63,-5.15,lean-back
3.72,2.79,3.37,2.26,1.1,-4.87,lean-back
1.53,3.95,1.85,1.97,1.17,-3.97,lean-back
2.71,4.36,3.15,1.87,1.89,-4.82,lean-back
1.53,2.93,4.78,3.2,4.3,-4.06,lean-back
1.48,1.75,3.7,1.43,2.92,-5.81,lean-back
3.74,3.33,2.13,3.25,4.86,-3.32,lean-back
3.65,3.34,3.17,3.93,4.49,-3.96,lean-back
1.02,1.93,1.97,1.79,2.95,-3.36,lean-back
2.04,4.23,3.85,2.08,2.19,-5.29,lean-back
3.54,1.59,2.53,4.58,3.95,-3.61,lean-back
3.91,1.1,1.59,2.9,3.85,-5.97,lean-back
4.43,1.83,3.83,1.93,4.9,-4.77,lean-back
1.85,3.74,1.7,2.85,4.67,-3.66,lean-back
1.13,1.87,4.93,2.46,4.65,-3.07,lean-back
2.82,1.27,4.0,4.93,2.0,-4.77,lean-back
1.09,1.25,2.66,2.18,4.96,-4.91,lean-back
2.4,3.05,4.07,2.66,4.66,-5.65,lean-back
3.52,1.72,4.24,4.06,3.51,-5.48,lean-back
3.15,4.16,3.39,1.93,1.31,-3.54,lean-back
2.46,4.36,1.48,1.43,3.72,-4.81,lean-back
1.06,3.29,1.96,4.89,4.73,-5.22,lean-back
1.35,4.51,1.12,3.36,4.74,-4.74,lean-back
2.66,1.94,2.52,3.12,4.63,-4.04,lean-back
2.92,4.87,4.1,3.2,4.76,-5.0,lean-back
4.56,1.9,2.34,3.37,3.81,-5.67,lean-back
2.47,4.81,2.58,1.03,2.77,-4.72,lean-back
1.84,4.9,4.42,1.72,4.25,-4.63,lean-back
4.99,2.55,1.3,1.53,2.68,-4.05,lean-back
3.57,3.97,3.85,4.21,3.08,-3.81,lean-back
3.9,1.56,2.19,2.73,2.13,-3.83,lean-back
2.39,3.07,3.02,3.09,4.86,-5.31,lean-back
2.36,3.73,2.43,2.98,3.91,-3.15,lean-back
3.24,3.62,1.91,4.3,2.99,-3.19,lean-back
2.88,2.89,3.1,1.8,2.47,-3.45,lean-back
2.17,2.53,3.02,1.06,1.73,-6.0,lean-back
2.48,1.44,3.97,1.35,4.04,-4.15,lean-back
2.23,3.44,4.32,1.11,4.55,-5.78,lean-back
4.87,4.57,3.63,2.04,3.47,-5.39,lean-back
2.53,4.59,4.69,2.67,3.36,-3.45,lean-back
4.08,4.4,2.47,1.93,3.42,-3.84,lean-back
1.27,1.32,4.7,4.52,4.28,-4.6,lean-back
4.02,4.62,4.5,3.43,3.95,-4.35,lean-back
2.52,2.21,1.43,1.65,2.1,-4.41,lean-back
1.14,3.18,1.16,1.67,1.41,-3.2,lean-back
3.94,1.92,1.34,4.63,1.48,-4.22,lean-back
2.24,2.55,1.17,1.44,4.64,-5.32,lean-back
2.77,2.04,1.86,1.24,3.17,-4.84,lean-back
2.19,1.35,2.01,1.98,3.84,-4.62,lean-back
4.7,4.08,1.9,1.84,3.27,-5.49,lean-back
4.1,2.78,2.72,4.27,4.15,-5.2,lean-back
1.04,4.27,1.04,4.89,2.65,-3.19,lean-back
2.13,4.13,2.2,4.3,4.27,-5.3,lean-back
5.0,1.39,4.06,4.03,2.24,-5.21,lean-back
1.34,2.96,2.87,2.64,1.14,-3.93,lean-back
4.68,4.37,3.5,2.26,3.87,-3.11,lean-back
2.46,4.81,2.84,4.71,1.62,-3.04,lean-back
2.89,3.74,1.3,1.34,3.37,-4.9,lean-back
4.11,3.83,2.27,3.75,4.12,-4.52,lean-back
3.58,1.84,2.44,4.5,1.63,-5.26,lean-back
3.25,2.97,3.62,5.0,3.78,-3.49,lean-back
1.78,1.78,3.57,4.41,3.49,-3.85,lean-back
4.3,1.6,2.3,4.91,2.22,-3.92,lean-back
4.72,1.52,4.87,1.98,4.81,-4.19,lean-back
2.28,2.15,1.71,3.15,1.61,-3.38,lean-back
4.63,1.24,3.73,4.81,4.0,-4.04,lean-back
4.09,2.22,1.09,3.16,4.03,-5.59,lean-back
1.06,1.42,4.45,1.47,3.86,-4.3,lean-back
3.76,4.91,1.96,1.51,3.09,-3.0,lean-back
2.27,4.69,3.67,4.52,2.51,-5.37,lean-back
4.19,2.88,1.97,2.68,3.89,-3.22,lean-back
1.07,4.01,4.6,1.88,4.92,-3.1,lean-back
4.89,3.87,2.39,1.78,3.03,-4.8,lean-back
3.83,1.95,3.59,4.12,3.26,-4.02,lean-back
1.53,4.17,1.97,2.94,3.4,-5.29,lean-back
4.5,3.39,4.98,3.3,1.94,-4.15,lean-back
4.16,2.82,2.89,4.42,2.48,-3.49,lean-back
2.75,2.01,2.49,4.35,2.41,-4.88,lean-back
2.81,3.46,2.4,2.52,3.35,-4.49,lean-back
4.9,2.68,2.19,1.86,2.06,-5.7,lean-back
3.81,4.02,2.33,2.84,4.55,-4.89,lean-back
4.87,1.71,4.2,1.03,2.63,-3.76,lean-back
2.23,4.55,4.92,4.52,2.4,-5.06,lean-back
3.72,3.38,2.12,4.05,2.78,-4.74,lean-back
4.9,3.21,1.58,3.76,3.65,-5.91,lean-back
3.29,4.32,2.57,1.32,2.37,-3.47,lean-back
2.06,2.36,3.97,1.86,1.09,-3.7,lean-back
2.91,2.45,4.02,1.47,4.59,-3.62,lean-back
3.11,4.25,1.22,2.21,2.23,-3.11,lean-back
3.89,3.69,2.23,1.26,3.63,-3.7,lean-back
3.69,4.49,4.14,3.16,3.01,-3.93,lean-back
4.38,2.23,1.96,2.13,2.67,-4.15,lean-back
4.12,3.09,3.83,3.74,2.57,-5.77,lean-back
2.12,4.46,3.5,3.86,3.72,-3.59,lean-back
2.19,1.94,3.84,2.78,2.11,-4.85,lean-back
3.34,1.74,1.76,4.56,2.42,-4.77,lean-back
2.02,2.67,1.87,2.76,4.11,-3.62,lean-back
2.75,1.21,1.58,3.18,4.02,-4.45,lean-back
1.86,3.61,3.4,3.43,1.56,-4.99,lean-back
3.29,2.38,4.33,4.47,3.39,-5.96,lean-back
4.11,1.04,1.24,1.45,2.69,-3.33,lean-back
3.11,2.94,2.21,1.74,4.87,-4.86,lean-back
4.71,3.66,1.49,2.27,4.0,-4.77,lean-back
2.63,1.02,2.03,1.17,-3.72,1.4,lean-down
3.86,1.97,3.39,1.07,-5.36,2.37,lean-down
2.75,2.99,2.25,2.38,-3.68,1.85,lean-down
4.35,2.94,4.12,1.18,-3.27,3.22,lean-down
4.31,1.74,4.22,4.16,-5.73,3.61,lean-down
1.64,1.24,2.11,3.12,-5.36,3.4,lean-down
2.14,3.36,2.62,3.87,-4.55,4.75,lean-down
2.7,3.41,3.09,1.2,-5.59,1.49,lean-down
4.89,3.01,4.28,4.28,-4.54,1.24,lean-down
1.52,1.51,3.88,4.53,-5.38,1.18,lean-down
1.64,4.21,4.43,2.21,-5.53,1.93,lean-down
2.86,1.61,1.39,3.52,-4.1,4.44,lean-down
4.21,2.95,3.78,4.61,-4.38,4.69,lean-down
1.13,3.08,2.37,1.52,-3.31,3.53,lean-down
2.67,3.77,3.66,3.64,-4.28,4.74,lean-down
2.6,2.01,1.66,2.66,-3.89,4.87,lean-down
4.94,4.17,1.32,4.7,-4.42,1.8,lean-down
3.03,4.72,4.02,3.88,-4.3,4.41,lean-down
2.41,4.88,1.93,3.33,-4.69,4.01,lean-down
2.79,4.81,4.9,1.68,-5.47,3.25,lean-down
2.21,3.02,1.61,2.13,-5.79,4.2,lean-down
4.97,2.28,4.62,2.75,-5.11,1.71,lean-down
3.14,3.35,1.71,4.45,-5.15,4.58,lean-down
3.84,4.54,1.89,4.19,-4.05,2.32,lean-down
1.96,1.21,2.81,3.02,-5.23,3.58,lean-down
3.66,4.77,1.58,1.76,-3.43,4.62,lean-down
3.23,1.2,3.98,3.86,-3.07,1.12,lean-down
2.9,4.71,4.16,3.57,-3.99,1.14,lean-down
2.07,3.92,3.98,1.43,-4.83,3.3,lean-down
3.22,1.92,2.27,1.87,-4.88,3.33,lean-down
3.12,3.48,3.63,4.31,-5.7,1.76,lean-down
2.96,2.47,3.58,1.29,-5.91,1.75,lean-down
4.36,2.83,1.56,4.91,-3.72,1.57,lean-down
2.69,4.34,3.43,2.25,-5.37,3.98,lean-down
1.47,2.05,1.2,3.72,-5.2,4.22,lean-down
3.94,1.46,4.81,4.77,-4.59,3.4,lean-down
4.48,3.49,2.24,2.69,-5.3,3.75,lean-down
2.6,4.1,1.35,3.06,-5.86,4.49,lean-down
1.81,2.29,4.81,2.05,-4.63,1.41,lean-down
2.04,4.61,3.27,2.44,-4.68,2.26,lean-down
2.22,1.75,4.29,1.45,-3.46,2.12,lean-down
4.1,3.55,4.08,2.2,-5.77,3.48,lean-down
3.58,4.93,3.91,1.86,-3.56,2.29,lean-down
1.29,3.4,4.68,4.32,-4.37,4.83,lean-down
2.71,2.42,1.34,4.76,-3.15,4.45,lean-down
4.22,2.48,3.06,2.28,-4.34,2.7,lean-down
4.06,1.17,2.45,2.11,-5.27,2.27,lean-down
4.85,3.35,3.28,2.69,-5.34,1.12,lean-down
3.85,3.1,3.18,2.77,-3.78,1.33,lean-down
2.91,1.36,3.88,3.72,-5.96,2.04,lean-down
1.93,1.23,2.33,3.23,-3.23,3.66,lean-down
3.69,2.47,2.76,1.13,-5.83,4.74,lean-down
4.5,1.49,1.77,4.84,-3.08,3.03,lean-down
2.19,3.78,3.04,3.5,-5.71,4.27,lean-down
1.39,4.13,2.33,2.53,-4.47,3.46,lean-down
2.28,3.77,2.69,4.67,-4.68,1.43,lean-down
4.61,3.73,4.11,2.88,-5.46,5.0,lean-down
1.18,4.86,4.21,3.43,-4.45,4.15,lean-down
4.59,4.21,1.09,4.27,-3.35,1.35,lean-down
1.54,1.47,2.54,3.09,-3.4,1.27,lean-down
2.77,3.95,3.44,2.06,-3.94,2.22,lean-down
3.01,1.46,4.54,2.11,-3.98,3.77,lean-down
2.15,4.76,4.16,1.05,-5.38,3.47,lean-down
4.09,3.55,1.17,3.86,-3.45,3.52,lean-down
2.23,4.1,3.17,2.41,-5.59,2.74,lean-down
1.24,3.44,4.47,5.0,-4.49,2.96,lean-down
2.69,1.33,4.81,4.53,-5.72,1.52,lean-down
2.7,1.15,1.61,1.29,-5.26,4.59,lean-down
4.17,3.31,1.41,3.17,-4.04,1.04,lean-down
1.78,1.15,2.79,1.76,-5.68,4.28,lean-down
4.49,3.41,1.92,3.21,-4.77,3.8,lean-down
3.74,4.71,1.57,1.13,-4.12,1.42,lean-down
1.89,1.95,2.7,2.14,-3.2,2.96,lean-down
2.51,3.11,1.11,3.93,-5.88,3.14,lean-down
3.39,2.06,2.96,2.88,-4.21,3.92,lean-down
3.3,3.95,3.72,1.75,-5.67,4.2,lean-down
2.24,2.12,1.58,4.29,-4.09,2.64,lean-down
3.72,2.94,1.33,3.44,-3.14,1.98,lean-down
1.82,2.87,1.23,1.35,-3.87,1.38,lean-down
1.12,3.5,4.63,4.81,-3.58,1.32,lean-down
1.49,1.72,3.55,1.98,-5.12,1.86,lean-down
1.48,4.08,2.08,4.83,-3.63,4.55,lean-down
2.82,3.26,3.38,3.87,-4.46,4.36,lean-down
4.67,3.19,4.03,2.92,-5.59,1.24,lean-down
2.05,2.36,1.67,1.17,-3.51,2.23,lean-down
4.46,1.09,1.44,1.32,-4.26,4.09,lean-down
1.92,3.63,3.44,2.3,-4.22,3.12,lean-down
1.11,2.27,4.98,2.28,-4.95,3.08,lean-down
3.81,2.77,3.82,4.67,-3.59,1.75,lean-down
1.61,3.0,4.72,1.84,-4.13,3.0,lean-down
4.44,3.61,2.35,3.02,-3.63,3.86,lean-down
2.23,2.86,2.51,2.84,-3.25,2.21,lean-down
3.57,2.57,2.84,1.08,-5.12,4.25,lean-down
1.68,4.47,4.04,3.99,-4.44,1.89,lean-down
3.92,2.74,2.37,1.12,-5.95,3.28,lean-down
4.95,4.18,2.93,3.6,-3.56,4.26,lean-down
2.54,2.28,4.86,4.45,-5.64,3.36,lean-down
4.78,2.33,1.81,4.4,-3.29,1.81,lean-down
3.08,2.26,1.55,4.65,-4.24,3.7,lean-down
2.78,3.01,2.34,2.41,-4.82,3.46,lean-down
4.37,2.17,3.8,4.15,-4.2,3.54,lean-down
4.73,1.04,4.49,3.68,-3.73,3.72,lean-down
2.17,3.96,4.29,3.99,-4.04,3.22,lean-down
4.98,4.16,1.53,1.93,-4.59,3.18,lean-down
2.43,3.2,3.33,3.32,-4.42,4.31,lean-down
4.77,3.36,4.07,2.97,-3.96,3.54,lean-down
4.89,2.07,3.94,1.2,-3.49,1.56,lean-down
4.27,2.62,1.95,2.9,-5.02,4.34,lean-down
1.87,2.31,1.14,3.91,-4.42,2.84,lean-down
2.83,1.83,1.96,3.85,-4.2,3.15,lean-down
2.57,1.73,1.34,2.93,-3.1,4.31,lean-down
4.62,4.21,2.42,1.83,-4.44,3.27,lean-down
2.4,3.88,1.28,4.35,-3.19,1.79,lean-down
3.76,2.47,4.65,4.49,-3.59,4.01,lean-down
4.05,2.73,3.85,4.85,-5.1,2.25,lean-down
4.9,1.7,3.35,3.7,-4.0,2.8,lean-down
4.59,1.52,3.31,4.88,-4.11,2.26,lean-down
1.04,4.66,4.17,4.45,-4.51,2.56,lean-down
4.59,4.17,1.48,4.26,-5.93,4.82,lean-down
4.64,4.46,2.51,2.25,-4.03,1.19,lean-down
2.29,3.97,2.81,2.21,-3.48,3.77,lean-down
2.65,3.92,2.4,2.07,-4.33,4.17,lean-down
4.41,1.45,2.9,4.63,-3.52,4.92,lean-down
4.45,4.45,3.79,1.25,-4.22,1.04,lean-down
4.76,3.87,2.37,3.94,-5.7,2.79,lean-down
1.72,4.09,4.26,4.85,-3.55,3.66,lean-down
4.4,3.94,4.16,3.78,-3.42,4.41,lean-down
1.16,4.13,1.71,2.14,-4.85,4.92,lean-down
3.34,2.73,5.0,3.24,-3.98,4.95,lean-down
3.08,4.57,2.95,3.87,-4.8,1.11,lean-down
1.2,4.69,3.89,4.61,-4.3,2.04,lean-down
1.25,3.11,4.84,4.18,-5.83,3.33,lean-down
1.42,2.06,2.59,1.94,-4.21,4.79,lean-down
1.37,1.68,1.95,3.96,-5.42,1.08,lean-down
2.16,3.39,1.98,4.48,-4.25,1.55,lean-down
1.82,2.67,3.22,1.61,-3.35,1.59,lean-down
4.8,2.49,2.2,1.42,-4.42,3.13,lean-down
1.41,2.87,2.32,1.83,-5.9,4.77,lean-down
1.13,1.2,4.68,3.67,-5.8,2.26,lean-down
2.47,2.88,1.24,3.43,-5.01,1.85,lean-down
4.66,3.31,2.73,1.67,-5.6,3.18,lean-down
2.72,1.76,1.61,3.74,-5.2,4.66,lean-down
4.25,2.19,3.55,2.56,-3.98,2.59,lean-down
3.13,1.02,2.13,4.65,-5.1,1.83,lean-down
4.15,1.18,2.93,3.2,-3.99,4.73,lean-down
4.26,1.04,1.66,3.61,-5.98,3.07,lean-down
3.53,3.19,2.23,1.44,-4.59,4.13,lean-down
4.97,2.82,3.68,2.44,-5.04,1.12,lean-down
2.95,2.52,4.49,4.72,-5.29,3.66,lean-down
2.48,3.43,1.61,4.55,-5.24,2.22,lean-down
1.12,4.21,2.06,4.15,-4.43,2.82,lean-down
4.14,4.85,4.24,3.84,-4.54,4.79,lean-down
4.92,2.34,2.07,1.11,-4.31,2.02,lean-down
4.39,2.88,4.53,3.59,-4.96,1.37,lean-down
1.57,3.56,3.3,4.12,-5.89,2.81,lean-down
3.35,2.15,1.4,4.34,-3.04,3.26,lean-down
2.31,1.52,4.42,1.32,-3.95,4.97,lean-down
2.23,2.19,2.83,2.47,-3.05,4.25,lean-down
4.81,4.97,3.12,2.51,-3.38,2.85,lean-down
2.35,2.77,4.94,1.66,-3.52,3.36,lean-down
2.0,2.11,3.53,2.33,-4.73,2.8,lean-down
2.0,2.44,3.47,3.76,-3.57,4.95,lean-down
3.87,2.13,2.94,4.0,-4.58,3.08,lean-down
1.52,1.96,4.23,4.12,-4.34,4.5,lean-down
1.17,3.24,1.62,3.55,-4.65,1.79,lean-down
3.23,1.53,2.5,4.53,-5.94,3.89,lean-down
2.51,1.41,3.51,1.41,4.73,5.08,lean-forth
3.59,1.09,3.1,2.87,4.1,5.49,lean-forth
4.06,3.81,1.61,1.89,4.56,3.34,lean-forth
3.43,2.44,2.55,2.08,1.82,5.8,lean-forth
3.95,3.44,1.93,1.6,3.95,5.28,lean-forth
3.94,2.2,2.72,2.12,1.71,5.61,lean-forth
4.15,1.17,3.04,2.51,2.71,3.83,lean-forth
2.23,2.58,3.1,2.8,3.14,3.1,lean-forth
2.7,1.34,2.93,3.18,1.86,4.41,lean-forth
3.43,3.14,2.78,4.21,1.72,3.36,lean-forth
3.71,2.95,2.33,1.28,2.5,5.37,lean-forth
1.06,3.09,1.35,3.42,3.99,5.92,lean-forth
4.07,1.93,3.3,4.99,3.93,5.98,lean-forth
2.23,4.13,3.94,4.87,3.01,3.51,lean-forth
3.45,3.59,2.54,2.76,3.78,5.82,lean-forth
1.69,1.27,3.11,3.7,2.5,4.8,lean-forth
1.81,3.55,3.43,4.34,4.61,4.36,lean-forth
2.86,4.94,3.53,1.87,1.72,4.78,lean-forth
4.18,3.66,2.89,3.46,2.95,3.69,lean-forth
4.88,1.38,1.06,2.05,2.74,4.4,lean-forth
4.64,1.11,4.88,2.95,2.97,3.27,lean-forth
4.47,2.92,3.92,3.79,2.44,4.26,lean-forth
1.62,2.07,1.3,2.78,3.17,3.27,lean-forth
1.68,2.41,4.84,1.89,1.89,3.63,lean-forth
3.87,3.33,2.63,2.16,4.93,5.6,lean-forth
2.49,1.01,3.4,4.69,4.36,5.3,lean-forth
3.75,2.38,1.48,2.86,4.14,4.34,lean-forth
3.12,1.59,3.17,3.58,4.53,4.41,lean-forth
3.3,4.74,2.96,1.04,4.65,5.02,lean-forth
1.27,1.63,1.45,2.6,4.52,4.49,lean-forth
4.97,2.78,4.5,1.59,2.89,5.45,lean-forth
3.7,2.14,1.3,3.36,4.71,5.13,lean-forth
2.21,3.78,1.65,1.51,1.77,3.42,lean-forth
1.74,1.38,4.43,3.04,4.06,3.92,lean-forth
2.58,1.85,2.15,3.51,4.56,3.1,lean-forth
2.11,4.39,1.24,3.82,4.55,3.37,lean-forth
2.69,4.2,2.38,3.82,1.48,3.22,lean-forth
3.98,1.02,2.33,1.68,1.82,5.77,lean-forth
1.66,4.16,2.2,3.27,4.01,4.22,lean-forth
1.43,2.76,1.51,1.36,4.62,4.94,lean-forth
2.27,2.89,1.82,3.89,3.3,4.64,lean-forth
4.33,1.08,2.66,3.59,3.86,4.54,lean-forth
1.47,4.83,5.0,4.26,2.35,3.46,lean-forth
4.83,4.01,4.87,4.31,3.56,4.97,lean-forth
2.02,3.6,1.72,1.71,2.0,3.6,lean-forth
2.85,2.69,1.15,3.08,1.44,3.63,lean-forth
4.7,3.55,2.85,2.04,2.85,5.84,lean-forth
3.98,1.03,4.17,1.98,2.9,3.05,lean-forth
4.85,1.94,4.76,4.0,2.89,3.42,lean-forth
1.59,1.77,3.59,3.79,4.56,4.18,lean-forth
3.41,3.98,2.44,1.46,4.59,3.89,lean-forth
3.88,4.2,3.02,3.77,3.01,4.69,lean-forth
4.4,1.99,4.71,2.05,3.73,3.72,lean-forth
1.96,2.95,4.17,4.07,4.19,4.9,lean-forth
4.4,3.26,4.54,3.44,2.49,3.49,lean-forth
1.04,1.08,2.09,1.02,3.35,5.71,lean-forth
4.58,2.18,3.31,1.7,3.93,5.2,lean-forth
4.66,4.17,1.83,3.06,4.56,5.22,lean-forth
1.92,3.64,4.33,3.78,2.91,3.72,lean-forth
3.35,4.41,4.11,4.09,4.12,3.58,lean-forth
2.16,3.15,4.75,1.41,3.58,3.15,lean-forth
3.97,4.21,1.45,2.3,1.3,3.71,lean-forth
4.54,3.52,3.27,3.45,3.02,4.8,lean-forth
1.6,1.77,4.19,2.75,2.67,4.99,lean-forth
3.18,1.23,4.11,3.13,1.83,5.63,lean-forth
2.03,1.25,1.15,2.06,4.25,4.67,lean-forth
2.64,3.9,3.41,2.99,3.09,3.12,lean-forth
1.7,2.29,3.42,3.75,4.61,3.79,lean-forth
1.23,2.22,4.93,4.4,4.17,4.01,lean-forth
3.63,3.68,3.22,4.82,1.83,3.23,lean-forth
2.05,4.64,4.62,1.08,1.98,4.24,lean-forth
1.46,1.81,1.8,3.72,2.89,5.76,lean-forth
1.05,2.36,1.25,3.13,2.1,5.62,lean-forth
2.34,3.11,3.29,3.06,4.94,3.11,lean-forth
3.68,4.95,1.41,3.2,2.87,5.94,lean-forth
1.0,4.46,4.19,1.92,1.39,3.97,lean-forth
2.57,3.72,1.5,2.8,4.88,5.54,lean-forth
3.38,4.76,3.06,1.24,3.99,3.02,lean-forth
3.67,4.13,4.05,4.03,4.55,3.0,lean-forth
2.54,1.81,1.27,1.11,3.56,3.42,lean-forth
4.6,1.99,3.13,4.66,4.77,5.78,lean-forth
3.52,2.6,2.65,3.26,3.95,3.76,lean-forth
2.5,4.45,2.13,1.9,2.18,5.35,lean-forth
2.37,4.5,1.3,1.14,4.67,4.96,lean-forth
3.27,1.17,3.79,3.84,4.09,4.08,lean-forth
3.44,2.65,1.17,4.38,3.69,4.81,lean-forth
1.78,2.39,1.99,4.57,1.08,5.04,lean-forth
3.75,1.1,3.7,3.85,4.0,5.27,lean-forth
4.52,3.39,1.69,1.41,2.55,5.34,lean-forth
1.14,2.7,3.04,3.26,4.64,4.48,lean-forth
2.17,2.94,2.05,1.78,3.13,3.23,lean-forth
1.35,1.95,3.38,4.14,1.33,3.73,lean-forth
4.96,1.55,1.3,2.78,2.63,4.21,lean-forth
2.13,1.84,1.72,3.28,3.1,3.79,lean-forth
4.61,3.07,3.19,3.29,1.69,4.17,lean-forth
3.27,1.97,1.88,2.07,1.4,5.86,lean-forth
4.26,2.79,2.24,1.4,1.06,3.33,lean-forth
4.1,4.62,4.25,3.8,3.45,5.1,lean-forth
1.96,3.42,4.98,3.18,3.75,4.61,lean-forth
2.2,1.44,2.65,2.85,3.42,5.94,lean-forth
3.16,4.56,4.57,2.9,2.9,4.45,lean-forth
1.15,4.61,2.0,2.88,2.8,4.16,lean-forth
2.27,4.85,4.11,1.24,1.47,5.47,lean-forth
4.63,3.35,1.48,2.99,3.61,4.29,lean-forth
3.46,3.37,1.75,3.92,4.84,5.82,lean-forth
4.07,4.41,1.94,4.92,2.6,4.94,lean-forth
4.73,3.3,2.97,1.99,3.66,3.55,lean-forth
1.59,3.04,4.22,3.48,1.46,5.84,lean-forth
4.71,4.75,3.7,1.25,2.39,4.4,lean-forth
2.23,3.98,1.56,4.24,1.85,3.16,lean-forth
3.01,3.96,4.11,4.5,1.65,5.4,lean-forth
1.82,1.04,3.38,1.44,1.08,4.35,lean-forth
4.78,3.47,3.51,4.3,4.81,3.5,lean-forth
4.91,3.86,4.67,4.48,1.77,5.58,lean-forth
1.79,3.89,3.87,2.63,2.72,4.17,lean-forth
1.54,4.34,2.07,4.42,1.14,5.27,lean-forth
2.52,4.33,2.92,1.38,4.33,5.1,lean-forth
1.53,2.33,4.13,2.05,3.65,4.71,lean-forth
3.88,4.53,4.32,3.35,1.77,5.09,lean-forth
1.93,2.9,1.92,4.72,4.3,5.92,lean-forth
3.99,3.32,3.56,1.31,1.15,3.14,lean-forth
4.65,2.88,3.16,1.69,2.14,4.89,lean-forth
2.14,3.88,2.33,2.12,3.52,4.99,lean-forth
3.49,3.9,4.2,3.8,2.12,4.14,lean-forth
1.67,2.33,4.91,4.02,1.42,4.41,lean-forth
3.09,3.11,3.71,2.0,1.87,3.41,lean-forth
1.23,3.44,4.32,2.96,4.92,5.39,lean-forth
2.1,4.5,3.11,1.44,4.83,4.24,lean-forth
1.71,4.69,1.75,1.63,3.86,3.59,lean-forth
1.27,4.5,1.14,1.01,1.86,4.48,lean-forth
1.7,3.32,3.33,2.27,4.12,4.06,lean-forth
2.72,1.47,3.13,1.11,4.13,4.45,lean-forth
1.59,2.95,1.02,4.48,2.05,4.72,lean-forth
4.5,4.31,3.51,4.74,2.01,3.47,lean-forth
3.61,3.4,1.25,4.86,3.83,3.79,lean-forth
1.31,3.99,3.26,3.83,4.82,3.76,lean-forth
1.58,2.58,1.44,2.78,3.98,3.07,lean-forth
3.56,2.42,1.59,2.23,2.05,3.22,lean-forth
3.56,2.79,2.63,2.25,3.1,4.13,lean-forth
1.81,3.22,4.59,2.54,2.06,5.22,lean-forth
3.19,3.72,4.32,1.57,2.42,5.13,lean-forth
3.06,3.33,3.82,3.18,1.01,3.77,lean-forth
1.24,1.26,4.98,4.83,1.67,3.22,lean-forth
4.44,3.25,2.78,2.26,4.97,3.47,lean-forth
1.39,1.2,3.51,4.19,3.9,5.98,lean-forth
1.77,2.05,4.31,4.43,2.24,5.53,lean-forth
1.85,3.76,2.86,3.92,3.96,4.83,lean-forth
1.77,1.18,1.53,3.44,2.34,4.31,lean-forth
4.78,2.31,4.92,1.93,1.27,4.29,lean-forth
1.57,3.07,2.92,2.92,1.32,4.51,lean-forth
3.81,3.33,2.73,3.65,2.63,5.75,lean-forth
2.59,2.55,2.85,3.15,3.64,3.52,lean-forth
3.41,4.85,1.87,2.26,2.84,4.17,lean-forth
1.25,3.14,4.77,2.62,1.03,3.45,lean-forth
1.63,3.18,2.55,1.99,3.59,5.2,lean-forth
3.63,3.48,3.36,2.31,4.35,4.7,lean-forth
4.99,4.27,1.38,2.22,4.71,5.3,lean-forth
2.17,4.02,4.01,2.17,4.24,5.71,lean-forth
3.88,3.49,2.55,1.9,2.03,5.25,lean-forth
2.92,2.43,2.35,3.92,1.14,5.96,lean-forth
4.74,2.34,4.47,4.42,1.99,4.09,lean-forth
1.54,2.43,4.55,2.41,2.14,3.33,lean-forth
4.3,4.78,1.24,1.05,2.46,5.28,lean-forth
2.91,4.53,1.17,1.23,2.0,3.06,lean-forth
3.31,3.45,2.26,2.62,4.25,5.51,lean-forth
1.96,3.34,4.71,1.8,4.74,5.89,lean-forth
4.9,1.57,2.41,-3.75,4.36,4.55,lean-left
2.95,3.68,1.22,-4.16,3.85,2.77,lean-left
3.1,2.03,3.48,-3.33,4.07,2.7,lean-left
4.33,4.05,2.47,-4.34,4.13,3.6,lean-left
3.11,1.21,2.43,-4.43,3.74,4.3,lean-left
3.95,2.94,1.73,-4.09,2.31,1.67,lean-left
3.79,1.12,3.1,-4.05,1.91,1.39,lean-left
2.95,2.75,3.28,-5.62,5.0,1.5,lean-left
2.01,2.9,2.07,-4.86,1.61,4.12,lean-left
4.56,3.37,1.53,-3.42,2.07,4.5,lean-left
4.1,1.79,2.17,-3.36,1.24,2.96,lean-left
1.82,2.87,4.85,-5.0,3.0,1.67,lean-left
3.22,2.3,1.81,-3.77,2.85,1.57,lean-left
3.95,3.19,1.81,-3.77,1.43,1.53,lean-left
2.86,3.17,4.43,-5.97,3.53,2.4,lean-left
3.88,1.48,4.66,-3.96,3.68,1.53,lean-left
2.51,3.21,4.51,-5.81,4.61,1.85,lean-left
1.88,4.7,3.39,-4.56,2.54,2.67,lean-left
1.13,1.17,2.59,-3.96,2.66,4.29,lean-left
1.46,2.08,3.3,-3.04,1.48,1.5,lean-left
2.95,2.56,1.18,-5.8,4.56,1.98,lean-left
4.64,3.3,2.47,-3.88,2.61,2.91,lean-left
1.86,2.23,3.55,-5.73,1.3,1.85,lean-left
2.55,1.73,3.46,-5.37,1.26,4.64,lean-left
4.47,4.75,2.08,-3.02,2.95,3.16,lean-left
3.41,2.89,1.13,-4.19,3.96,1.34,lean-left
2.41,4.79,4.35,-5.5,3.99,4.28,lean-left
1.15,1.71,3.22,-5.01,2.22,4.68,lean-left
3.61,4.31,4.24,-5.5,4.58,2.44,lean-left
4.77,3.8,1.58,-4.63,1.84,4.61,lean-left
4.62,2.14,3.82,-5.29,4.52,4.71,lean-left
1.01,2.07,2.35,-4.99,2.83,2.17,lean-left
2.48,2.84,3.65,-5.33,4.36,4.62,lean-left
2.99,2.68,4.42,-5.89,4.81,4.0,lean-left
3.42,3.67,1.18,-5.85,1.93,4.09,lean-left
4.29,2.53,4.16,-3.0,4.51,3.79,lean-left
3.13,1.43,3.33,-3.55,2.85,2.96,lean-left
4.35,4.97,3.46,-4.59,4.15,1.78,lean-left
2.78,4.1,2.84,-3.53,3.87,2.99,lean-left
1.01,2.87,4.78,-5.47,1.43,4.91,lean-left
2.27,4.49,4.44,-3.6,3.6,1.3,lean-left
1.59,3.52,1.62,-3.34,2.76,2.59,lean-left
2.98,1.79,1.53,-5.41,3.0,2.15,lean-left
4.8,3.12,2.38,-5.14,1.28,3.79,lean-left
1.5,4.68,1.55,-5.82,4.26,4.75,lean-left
4.31,3.86,4.07,-3.0,4.64,4.12,lean-left
3.1,2.81,2.31,-3.27,2.84,3.61,lean-left
2.84,1.78,1.08,-3.49,3.31,1.69,lean-left
4.03,2.01,1.72,-5.29,2.37,4.48,lean-left
1.22,1.91,1.42,-3.31,2.85,4.54,lean-left
3.16,1.73,1.74,-4.76,2.49,2.94,lean-left
3.55,1.56,4.03,-3.71,2.35,2.91,lean-left
2.7,1.17,3.33,-4.98,2.5,4.1,lean-left
4.82,4.06,4.35,-4.17,1.59,4.49,lean-left
2.37,1.82,3.8,-3.25,1.22,2.5,lean-left
3.98,2.15,1.21,-5.21,1.18,2.05,lean-left
4.62,3.78,3.86,-5.57,4.12,1.14,lean-left
1.94,2.41,2.97,-5.24,3.08,1.36,lean-left
1.59,1.21,1.16,-3.23,1.93,3.79,lean-left
1.44,1.22,1.22,-5.12,3.75,4.72,lean-left
3.15,4.31,2.79,-4.83,1.94,2.53,lean-left
4.34,4.45,3.42,-3.3,3.58,2.86,lean-left
4.55,4.18,3.98,-5.75,1.4,2.0,lean-left
2.81,1.48,3.49,-5.41,2.88,2.93,lean-left
4.33,1.86,3.79,-3.68,2.29,1.28,lean-left
4.68,3.41,3.06,-3.02,4.12,2.51,lean-left
2.03,1.38,3.03,-4.21,4.04,1.48,lean-left
4.68,4.44,4.7,-4.27,4.65,2.2,lean-left
4.45,2.83,2.56,-4.27,3.97,2.42,lean-left
3.25,2.64,2.97,-5.68,4.01,4.59,lean-left
1.09,4.95,4.42,-5.14,4.15,1.51,lean-left
4.17,3.06,3.47,-4.32,1.25,2.05,lean-left
4.04,1.82,3.56,-3.32,4.43,1.75,lean-left
2.84,1.67,2.8,-3.03,2.97,1.59,lean-left
1.16,4.07,3.39,-5.52,3.86,1.36,lean-left
4.34,2.57,2.59,-4.88,3.74,3.13,lean-left
1.01,3.05,2.52,-3.74,2.65,1.6,lean-left
1.17,3.75,4.97,-5.59,4.41,2.61,lean-left
3.28,2.12,3.06,-3.07,2.66,1.16,lean-left
1.83,1.15,1.55,-3.8,3.09,1.96,lean-left
3.26,4.45,3.24,-4.28,3.98,1.06,lean-left
3.31,1.3,2.6,-4.71,3.08,2.87,lean-left
4.02,1.17,2.99,-4.04,4.02,4.84,lean-left
3.15,4.82,4.74,-3.3,3.59,3.55,lean-left
4.46,2.59,4.7,-3.12,4.24,1.28,lean-left
4.67,3.91,4.43,-4.88,1.02,2.46,lean-left
4.12,3.55,4.08,-4.02,2.54,4.13,lean-left
2.03,2.8,3.03,-4.41,2.92,1.37,lean-left
1.62,2.12,4.24,-3.2,1.94,4.0,lean-left
1.93,1.29,2.81,-4.55,4.01,2.87,lean-left
1.69,3.75,1.17,-3.23,1.11,3.64,lean-left
4.58,2.65,1.94,-5.22,3.59,4.22,lean-left
4.28,3.45,3.81,-5.79,4.44,3.99,lean-left
3.34,2.77,1.3,-5.74,3.48,4.7,lean-left
4.99,4.06,3.46,-5.06,4.95,1.14,lean-left
2.43,1.75,2.29,-3.02,3.35,1.11,lean-left
1.8,3.4,2.27,-5.4,4.91,1.08,lean-left
2.25,3.36,1.77,-3.16,4.74,3.29,lean-left
4.79,1.54,1.43,-5.47,1.4,3.9,lean-left
2.19,4.08,2.05,-5.81,3.79,3.51,lean-left
1.92,4.02,3.61,-3.11,4.96,4.67,lean-left
4.44,2.48,1.18,-4.29,4.21,4.68,lean-left
2.22,3.39,1.65,-5.25,4.92,1.96,lean-left
2.07,3.4,2.06,-3.38,4.28,4.54,lean-left
4.33,2.0,2.91,-5.91,1.96,1.71,lean-left
3.85,3.2,4.17,-5.54,4.31,1.47,lean-left
3.58,4.48,2.03,-4.6,1.83,1.98,lean-left
1.37,2.21,2.23,-5.64,4.93,2.74,lean-left
4.47,4.79,2.86,-3.63,3.37,4.75,lean-left
1.63,1.07,1.53,-5.7,1.82,1.68,lean-left
1.78,1.68,3.68,-3.58,2.18,2.72,lean-left
2.56,2.46,3.49,-3.37,4.5,1.49,lean-left
2.51,4.96,3.61,-4.42,3.0,1.12,lean-left
3.16,2.05,4.93,-5.01,1.55,1.52,lean-left
4.13,3.22,4.37,-5.28,2.73,2.66,lean-left
4.97,1.94,2.66,-5.39,4.56,2.91,lean-left
4.64,1.23,3.24,-3.33,4.87,4.05,lean-left
3.64,4.62,1.4,-3.57,1.95,1.26,lean-left
3.66,4.55,1.03,-5.2,4.61,3.92,lean-left
4.45,3.13,1.89,-3.72,4.94,2.75,lean-left
4.79,1.9,2.76,-3.26,1.39,2.61,lean-left
1.66,2.57,4.67,-4.21,1.54,2.77,lean-left
1.54,4.63,3.64,-4.24,1.96,1.66,lean-left
3.76,3.82,4.86,-4.39,4.16,3.48,lean-left
2.77,1.84,2.74,-5.32,3.81,4.96,lean-left
4.54,3.97,4.09,-3.69,3.13,3.74,lean-left
1.13,2.3,2.01,-4.71,1.33,3.74,lean-left
4.9,1.44,1.18,-5.63,3.68,3.09,lean-left
2.2,2.92,1.41,-5.08,2.6,3.33,lean-left
2.1,3.09,4.68,-5.81,4.74,1.45,lean-left
2.9,2.7,3.1,-4.27,1.83,1.04,lean-left
2.82,3.14,2.58,-5.22,2.2,4.8,lean-left
1.29,2.24,1.02,-4.57,1.78,3.69,lean-left
4.58,2.06,4.23,-4.78,1.62,1.6,lean-left
3.38,1.07,4.47,-4.84,1.29,1.35,lean-left
1.66,4.75,4.83,-5.02,2.56,1.09,lean-left
3.15,3.18,2.69,-3.65,4.58,3.48,lean-left
3.37,4.55,1.17,-5.58,3.51,2.37,lean-left
4.39,4.61,2.49,-4.6,3.82,3.58,lean-left
4.31,2.31,1.85,-4.48,2.71,4.21,lean-left
4.02,1.65,1.71,-5.29,3.24,4.59,lean-left
4.12,4.43,3.17,-4.17,3.11,3.04,lean-left
2.7,1.33,3.46,-5.28,3.27,4.68,lean-left
2.09,1.38,2.68,-5.05,2.28,1.55,lean-left
3.5,3.48,2.3,-5.62,4.1,2.58,lean-left
3.91,4.3,1.87,-4.08,2.71,2.1,lean-left
3.91,2.17,1.63,-5.48,3.65,3.85,lean-left
1.07,1.51,3.53,-5.11,2.93,1.58,lean-left
1.85,1.0,2.04,-5.1,1.53,3.06,lean-left
3.35,2.77,2.85,-3.81,2.41,4.16,lean-left
1.28,4.61,1.63,-3.72,1.51,4.29,lean-left
3.82,1.85,1.97,-5.67,2.53,3.86,lean-left
1.97,3.79,2.24,-3.28,4.25,2.15,lean-left
3.87,3.32,1.6,-4.4,3.54,2.78,lean-left
4.62,2.18,4.15,-5.3,1.6,4.08,lean-left
1.66,3.78,3.87,-4.83,3.88,3.29,lean-left
1.6,4.42,3.5,-4.75,3.27,1.28,lean-left
3.54,1.12,1.79,-3.87,4.92,4.17,lean-left
3.32,2.5,3.79,-5.03,1.72,1.71,lean-left
2.82,2.47,1.45,-5.73,1.3,3.64,lean-left
2.81,4.79,2.79,-4.57,3.86,4.25,lean-left
1.14,4.9,3.6,-3.76,2.5,4.81,lean-left
3.12,3.8,3.65,-5.03,2.8,2.55,lean-left
2.4,1.05,3.24,-3.41,4.81,3.36,lean-left
2.7,2.62,2.79,-3.19,1.86,2.23,lean-left
4.16,3.05,3.04,-3.66,1.09,1.75,lean-left
2.89,3.72,3.2,3.49,4.12,4.09,lean-right
4.14,4.14,2.06,3.76,2.23,2.82,lean-right
1.49,2.98,3.92,5.29,4.16,4.31,lean-right
4.17,3.81,1.52,4.15,4.89,2.97,lean-right
2.42,2.71,2.93,4.96,4.79,2.28,lean-right
4.25,1.93,1.73,5.71,2.86,4.37,lean-right
1.31,3.8,4.14,4.91,4.09,1.22,lean-right
4.21,4.19,4.7,5.13,2.82,4.25,lean-right
4.43,3.59,2.65,5.85,2.64,3.52,lean-right
3.02,2.82,3.83,3.99,3.1,2.46,lean-right
1.19,3.24,1.15,4.22,2.98,4.53,lean-right
3.15,3.64,2.95,3.59,1.4,3.95,lean-right
2.51,1.31,4.55,5.52,1.38,2.91,lean-right
2.62,4.22,4.25,4.98,1.89,4.08,lean-right
2.32,1.35,3.98,3.12,3.09,1.96,lean-right
2.94,4.4,1.52,4.96,1.19,1.75,lean-right
1.47,3.59,2.03,4.5,5.0,4.92,lean-right
3.85,1.66,4.51,4.92,4.8,2.18,lean-right
3.27,1.28,4.76,5.57,4.24,3.22,lean-right
4.21,3.68,1.19,4.61,1.12,1.88,lean-right
2.4,1.48,4.4,5.57,4.85,1.33,lean-right
2.65,1.68,2.78,5.24,2.1,2.39,lean-right
2.96,2.33,3.91,5.66,1.83,2.93,lean-right
4.99,3.47,1.29,4.57,4.79,4.25,lean-right
4.28,1.08,4.1,3.93,3.58,2.52,lean-right
1.16,3.65,2.24,4.08,2.19,4.03,lean-right
2.27,1.7,3.39,4.68,2.33,4.59,lean-right
3.91,4.04,1.21,5.54,3.51,4.76,lean-right
1.39,2.42,1.69,4.18,1.09,3.22,lean-right
3.07,1.57,1.57,3.67,3.0,1.15,lean-right
1.32,4.88,3.41,4.57,3.35,4.18,lean-right
3.85,2.19,2.99,4.89,3.92,3.08,lean-right
3.99,3.44,4.06,3.42,1.8,2.08,lean-right
1.98,1.97,3.43,3.55,3.04,3.76,lean-right
3.33,2.56,4.48,5.39,3.64,4.87,lean-right
3.04,1.88,2.12,5.15,3.05,1.6,lean-right
2.07,1.05,4.86,5.15,1.48,3.49,lean-right
2.62,1.56,2.8,5.09,1.51,1.15,lean-right
2.38,2.19,1.9,3.72,2.1,3.24,lean-right
3.37,1.02,4.81,4.35,4.39,1.76,lean-right
4.99,4.72,4.95,3.24,4.14,3.78,lean-right
4.85,1.93,2.49,3.47,1.68,4.68,lean-right
3.5,2.04,1.09,3.55,4.39,4.0,lean-right
4.89,3.03,4.87,4.67,3.29,1.7,lean-right
1.0,3.14,1.99,5.18,3.05,3.8,lean-right
1.21,3.34,4.11,3.69,4.54,2.37,lean-right
4.54,2.2,2.27,4.53,3.77,3.1,lean-right
3.81,3.68,1.95,4.78,1.58,3.36,lean-right
2.91,3.36,2.02,3.33,2.36,2.6,lean-right
3.13,3.77,4.59,5.58,2.92,1.4,lean-right
3.23,1.22,3.95,5.47,3.07,2.77,lean-right
1.12,1.23,4.06,5.24,2.91,1.31,lean-right
3.51,2.3,4.82,3.62,1.2,1.17,lean-right
1.49,3.86,2.25,4.32,2.51,3.95,lean-right
2.43,3.67,2.6,4.6,2.96,4.14,lean-right
3.92,3.68,2.92,5.13,1.58,3.37,lean-right
3.33,2.94,3.12,3.29,1.12,4.78,lean-right
4.55,1.88,4.32,3.84,1.74,4.62,lean-right
3.3,2.04,2.85,3.5,3.39,3.19,lean-right
4.13,2.32,3.52,5.11,4.18,4.89,lean-right
1.01,1.36,4.76,3.15,4.3,3.73,lean-right
4.05,2.0,2.2,4.7,1.74,3.84,lean-right
3.1,1.36,3.99,3.03,3.06,4.77,lean-right
4.9,1.61,3.41,3.88,3.37,2.84,lean-right
4.74,1.23,2.56,5.09,4.38,4.85,lean-right
3.65,3.81,3.63,4.9,3.36,3.29,lean-right
2.79,2.89,1.04,4.06,4.01,1.53,lean-right
1.44,3.87,4.41,3.82,4.18,2.12,lean-right
1.92,3.0,3.81,4.76,3.06,1.66,lean-right
1.18,3.01,2.53,3.52,2.4,1.78,lean-right
4.37,3.1,1.19,4.81,4.23,1.26,lean-right
3.37,4.63,3.87,4.43,1.6,1.01,lean-right
3.91,1.6,3.95,3.89,3.33,1.5,lean-right
3.78,3.48,4.55,3.96,1.11,1.01,lean-right
1.55,1.56,2.76,4.14,1.05,4.36,lean-right
1.91,4.63,2.87,4.59,4.82,3.68,lean-right
3.27,3.87,3.51,4.49,4.21,3.69,lean-right
2.99,4.91,4.53,4.52,2.39,2.93,lean-right
2.77,4.69,3.42,3.53,4.04,3.57,lean-right
4.91,2.8,3.05,5.78,4.62,3.12,lean-right
3.67,1.71,3.63,5.37,2.46,4.01,lean-right
3.1,2.27,4.41,5.16,1.81,4.58,lean-right
4.86,4.36,4.43,3.0,3.25,3.66,lean-right
2.19,3.45,2.0,4.26,2.59,4.37,lean-right
4.92,3.73,4.18,3.9,3.26,2.75,lean-right
3.56,1.86,2.95,3.38,2.41,2.79,lean-right
3.35,3.88,3.56,5.2,1.96,3.82,lean-right
3.46,1.71,3.55,4.17,4.14,3.7,lean-right
1.22,4.29,4.23,3.42,4.71,3.03,lean-right
2.62,3.66,2.56,3.78,1.0,4.97,lean-right
2.41,4.93,3.3,4.85,1.11,1.34,lean-right
1.35,4.26,1.25,3.66,3.6,2.36,lean-right
2.44,3.38,3.68,5.33,2.68,1.55,lean-right
3.27,4.29,3.68,4.62,4.24,4.24,lean-right
4.69,2.84,2.4,4.49,3.91,2.31,lean-right
4.28,1.65,2.77,3.34,1.22,4.03,lean-right
4.88,1.92,2.5,5.47,4.84,3.88,lean-right
3.84,4.77,1.45,5.51,2.04,4.24,lean-right
1.52,4.74,1.45,5.32,2.48,1.18,lean-right
4.47,3.27,4.4,4.87,3.67,3.64,lean-right
1.1,3.33,2.3,4.54,4.34,4.03,lean-right
1.68,2.32,2.12,5.93,4.42,2.58,lean-right
2.57,4.43,4.88,5.15,1.4,3.68,lean-right
4.31,3.88,4.01,3.48,4.4,4.29,lean-right
3.41,3.04,3.05,4.92,4.77,4.49,lean-right
3.4,4.29,3.29,5.88,3.71,1.21,lean-right
2.45,2.05,4.96,4.2,4.12,2.82,lean-right
4.45,2.49,1.46,5.13,3.41,1.18,lean-right
2.86,3.01,4.96,4.86,1.08,1.75,lean-right
3.17,2.67,1.8,5.84,1.18,1.64,lean-right
4.54,1.93,2.31,5.62,3.06,4.66,lean-right
1.14,4.01,1.05,4.2,2.59,1.71,lean-right
3.43,2.87,4.66,5.53,2.84,4.64,lean-right
3.56,3.26,4.0,5.22,3.73,4.5,lean-right
4.26,3.87,4.98,3.73,4.91,3.37,lean-right
4.53,1.08,4.53,3.45,2.82,3.14,lean-right
4.31,2.39,3.69,5.94,1.0,3.07,lean-right
2.68,1.01,2.86,3.48,3.11,4.8,lean-right
1.75,4.76,1.33,3.44,1.3,3.5,lean-right
1.24,3.07,2.84,4.24,1.67,4.38,lean-right
1.55,4.43,2.89,3.84,3.06,2.63,lean-right
2.4,4.61,4.57,3.99,2.41,1.62,lean-right
4.95,3.97,3.11,3.78,2.3,3.6,lean-right
2.64,2.97,4.52,5.79,1.13,3.18,lean-right
2.09,4.41,1.79,5.19,1.08,4.98,lean-right
3.88,2.43,3.2,5.4,2.32,2.25,lean-right
2.05,1.29,1.15,3.97,4.71,3.86,lean-right
3.19,3.46,4.7,3.83,3.14,1.47,lean-right
4.96,3.42,1.85,4.33,2.52,2.47,lean-right
1.6,2.07,2.52,4.2,2.3,2.55,lean-right
2.78,1.31,4.61,5.35,3.82,3.83,lean-right
4.01,2.79,4.9,3.93,2.06,1.22,lean-right
3.96,4.4,1.91,5.11,3.85,3.21,lean-right
3.99,1.51,2.91,4.59,2.46,1.9,lean-right
1.27,3.4,3.92,3.74,1.05,2.97,lean-right
3.82,1.57,3.6,4.82,3.65,4.61,lean-right
1.47,4.07,3.87,5.71,1.13,4.41,lean-right
3.94,1.3,1.11,4.66,3.2,2.16,lean-right
3.45,4.33,4.72,3.49,3.44,2.89,lean-right
3.1,1.01,4.01,3.69,1.98,1.45,lean-right
3.86,1.66,1.41,3.5,4.5,3.16,lean-right
4.46,4.88,4.1,4.54,4.57,1.46,lean-right
1.24,1.44,1.94,3.27,2.97,3.77,lean-right
1.47,1.05,2.1,5.37,4.87,1.24,lean-right
4.07,2.16,2.55,4.12,3.47,1.19,lean-right
3.48,3.53,3.24,3.64,3.05,2.88,lean-right
3.52,1.27,4.82,3.92,4.14,4.28,lean-right
4.48,2.34,2.28,5.77,2.3,2.09,lean-right
3.14,4.89,1.03,3.91,2.03,2.42,lean-right
1.66,4.07,4.54,4.93,4.16,3.3,lean-right
2.35,3.1,2.07,5.66,2.41,4.01,lean-right
1.29,1.84,2.32,4.98,3.71,2.19,lean-right
4.54,3.02,2.2,4.76,1.7,4.93,lean-right
4.89,1.15,2.22,4.01,4.35,1.37,lean-right
1.98,4.04,2.85,5.09,2.97,2.42,lean-right
1.47,2.52,3.44,5.13,2.53,1.35,lean-right
4.79,3.72,3.31,5.54,2.93,2.23,lean-right
1.12,1.95,4.72,3.36,1.9,4.2,lean-right
4.83,2.15,2.73,5.59,3.84,1.32,lean-right
3.21,4.56,1.76,4.01,3.24,2.56,lean-right
3.03,3.86,1.14,3.54,4.91,1.37,lean-right
1.62,2.63,1.18,4.96,2.96,3.68,lean-right
4.89,2.28,3.65,4.1,3.81,2.82,lean-right
2.5,2.86,4.49,3.56,3.17,2.82,lean-right
1.51,4.41,2.89,3.4,1.17,4.17,lean-right
2.21,1.85,2.15,4.42,1.65,2.04,lean-right
4.3,2.03,3.29,2.31,4.33,1.55,lean-up
2.58,3.67,2.73,3.2,4.58,2.48,lean-up
4.02,1.03,2.54,4.59,4.29,1.98,lean-up
4.15,2.19,4.89,3.47,4.86,1.46,lean-up
4.93,3.22,3.09,2.04,4.38,1.86,lean-up
3.53,1.1,1.06,3.23,4.51,2.74,lean-up
1.34,3.78,4.05,2.16,5.06,2.79,lean-up
1.5,4.04,3.08,4.53,5.27,1.85,lean-up
1.96,1.32,4.91,2.36,3.03,2.8,lean-up
4.37,2.08,2.68,3.66,5.6,4.58,lean-up
4.29,3.84,4.93,1.36,4.02,2.58,lean-up
2.34,4.85,1.31,4.89,5.18,3.05,lean-up
1.23,3.66,3.94,4.9,3.94,2.32,lean-up
1.41,4.82,3.09,4.59,3.48,1.47,lean-up
2.78,2.43,4.08,4.94,3.25,1.89,lean-up
1.8,2.77,4.2,1.16,4.75,2.41,lean-up
3.21,3.42,2.84,4.62,3.42,1.96,lean-up
1.68,2.35,2.88,3.79,3.36,1.68,lean-up
3.49,2.99,1.31,1.63,4.31,4.79,lean-up
4.03,1.65,3.51,1.3,3.08,3.16,lean-up
4.49,2.99,4.58,2.38,4.44,4.58,lean-up
2.63,3.95,1.88,2.12,5.94,1.48,lean-up
3.02,3.29,2.79,1.83,5.85,4.68,lean-up
1.86,3.8,2.24,3.5,5.96,3.54,lean-up
2.21,2.29,1.35,4.91,5.18,2.47,lean-up
4.98,3.32,1.52,1.93,5.34,1.05,lean-up
2.37,1.13,4.66,4.84,3.65,1.97,lean-up
3.53,2.22,4.86,4.96,4.92,3.31,lean-up
1.6,4.21,1.82,2.04,5.18,2.98,lean-up
2.3,3.85,3.47,4.81,5.64,1.49,lean-up
4.68,3.66,1.12,2.62,3.87,1.23,lean-up
2.62,3.98,2.03,1.15,5.48,3.87,lean-up
3.73,1.54,1.12,3.19,4.88,2.75,lean-up
1.89,3.71,4.15,1.63,3.81,3.49,lean-up
2.55,1.63,1.06,1.92,3.82,3.91,lean-up
4.26,1.12,3.22,1.49,4.59,2.04,lean-up
4.09,2.83,4.16,1.21,4.62,2.61,lean-up
2.83,3.08,2.66,3.41,3.09,2.47,lean-up
1.7,1.17,3.75,4.38,3.47,1.9,lean-up
4.56,2.28,4.24,4.88,3.67,3.68,lean-up
3.92,3.43,1.23,1.19,5.92,3.0,lean-up
3.5,1.04,2.79,3.35,4.36,4.81,lean-up
2.91,3.81,4.22,3.58,4.67,3.94,lean-up
2.71,3.58,1.15,2.77,5.06,4.26,lean-up
4.22,4.72,2.2,1.47,3.44,3.75,lean-up
4.61,2.77,4.11,4.53,3.82,3.06,lean-up
2.97,4.04,2.36,3.94,4.46,4.0,lean-up
2.32,3.25,1.39,1.88,5.86,3.1,lean-up
2.07,2.27,3.44,2.74,4.23,1.61,lean-up
3.17,2.43,4.88,1.8,4.77,2.74,lean-up
1.84,4.54,2.08,1.67,5.12,1.31,lean-up
3.49,3.81,4.8,1.42,4.8,2.43,lean-up
3.55,3.57,4.44,2.83,4.17,2.08,lean-up
2.77,4.62,2.79,4.17,3.1,1.5,lean-up
1.82,4.56,4.71,4.9,4.69,4.33,lean-up
2.47,2.65,2.81,3.05,5.51,4.84,lean-up
3.04,1.45,4.35,2.76,4.97,3.71,lean-up
2.8,3.28,2.3,4.1,3.7,3.96,lean-up
2.78,4.54,2.89,3.95,3.79,4.48,lean-up
2.84,3.04,2.79,1.31,4.32,2.14,lean-up
4.79,2.4,1.76,3.83,3.64,2.15,lean-up
1.74,3.82,1.32,2.3,4.69,1.69,lean-up
4.6,4.22,4.55,1.04,3.59,4.22,lean-up
2.91,4.98,1.76,2.68,5.6,4.6,lean-up
2.64,3.44,1.89,2.75,4.24,4.96,lean-up
1.88,1.75,3.91,4.76,3.37,4.05,lean-up
1.5,3.24,1.57,4.46,5.66,2.3,lean-up
3.43,1.58,2.65,3.02,4.01,1.41,lean-up
2.98,3.24,2.41,1.37,4.46,3.26,lean-up
2.25,3.95,1.19,1.7,3.95,2.25,lean-up
4.18,2.19,2.17,2.22,5.13,4.99,lean-up
1.45,4.55,3.01,3.72,3.73,1.53,lean-up
2.44,1.03,2.67,4.74,5.12,2.06,lean-up
2.17,2.38,4.34,1.96,3.95,1.78,lean-up
4.03,2.72,1.83,3.59,4.98,1.76,lean-up
1.39,2.99,1.31,4.92,3.17,2.19,lean-up
4.24,3.74,3.01,1.85,5.52,2.85,lean-up
3.39,2.38,2.09,1.55,3.97,4.51,lean-up
2.95,3.75,3.32,4.47,3.96,4.19,lean-up
1.69,4.61,3.31,3.0,3.09,4.62,lean-up
4.97,2.57,3.16,1.33,3.99,4.85,lean-up
1.05,2.02,1.54,1.12,5.89,1.55,lean-up
3.81,4.27,1.7,1.6,5.84,4.98,lean-up
2.91,2.37,2.14,2.77,3.7,2.39,lean-up
1.73,2.47,1.26,2.36,4.22,3.14,lean-up
1.59,4.63,3.23,3.73,5.62,4.39,lean-up
1.55,4.19,1.63,2.24,3.2,2.73,lean-up
4.95,1.24,3.18,1.56,4.6,2.1,lean-up
4.49,3.03,2.12,1.62,3.37,1.47,lean-up
4.39,4.75,4.31,1.64,4.94,1.49,lean-up
2.07,3.51,3.34,2.65,5.74,4.95,lean-up
2.37,4.37,1.46,3.41,3.9,1.33,lean-up
3.26,4.57,1.19,1.55,5.84,1.03,lean-up
3.05,1.37,4.13,3.19,5.6,4.06,lean-up
3.65,3.01,4.35,2.1,5.04,4.83,lean-up
1.43,3.73,3.85,3.72,5.99,2.1,lean-up
4.83,3.4,3.99,1.97,4.18,3.93,lean-up
1.18,4.11,2.16,2.82,3.73,2.15,lean-up
4.28,3.34,4.31,4.94,3.34,4.94,lean-up
3.17,1.31,3.73,1.55,5.43,3.02,lean-up
1.67,1.97,4.03,1.02,4.1,3.85,lean-up
3.55,4.38,2.37,4.74,3.58,4.52,lean-up
3.97,2.72,4.69,4.99,3.6,4.87,lean-up
1.87,4.05,4.05,3.66,5.14,4.09,lean-up
3.69,1.04,1.95,4.16,4.43,1.16,lean-up
2.9,1.02,4.9,4.4,5.73,4.65,lean-up
4.69,3.35,4.45,1.33,3.28,1.87,lean-up
1.67,2.24,1.25,4.87,4.52,2.12,lean-up
3.26,1.24,3.41,2.12,4.28,3.53,lean-up
1.87,4.07,2.85,3.88,3.86,2.81,lean-up
2.54,2.69,2.83,1.19,4.84,2.39,lean-up
2.04,2.65,3.44,3.52,3.45,2.97,lean-up
2.57,1.03,2.76,4.08,3.62,3.19,lean-up
3.92,1.62,2.71,3.1,5.58,2.43,lean-up
3.03,1.83,3.93,2.07,5.88,1.39,lean-up
4.5,1.25,2.36,2.17,3.91,1.73,lean-up
4.33,4.7,3.17,1.92,4.89,1.57,lean-up
4.73,4.87,1.44,1.1,4.9,4.15,lean-up
2.52,2.41,2.12,4.82,5.44,1.8,lean-up
2.53,2.46,1.31,1.12,3.64,1.4,lean-up
2.04,3.77,2.82,3.32,3.56,4.82,lean-up
1.79,1.59,2.49,1.99,4.09,4.79,lean-up
4.73,1.99,3.06,3.51,5.56,1.43,lean-up
4.22,3.73,4.83,3.88,5.26,4.54,lean-up
1.12,4.73,3.52,1.59,4.05,4.17,lean-up
1.86,1.29,1.5,4.1,3.17,3.62,lean-up
4.78,1.62,3.87,3.67,4.46,4.22,lean-up
2.84,3.24,1.11,4.02,3.98,2.17,lean-up
1.61,4.65,1.3,3.18,5.63,2.58,lean-up
4.74,3.62,1.14,3.4,5.69,1.77,lean-up
3.73,2.91,2.41,4.54,3.56,1.92,lean-up
1.1,4.23,4.78,3.53,3.03,2.71,lean-up
2.91,2.17,1.57,2.45,3.32,2.44,lean-up
1.26,1.19,1.44,2.15,4.21,4.86,lean-up
4.36,3.43,2.7,4.13,4.47,1.78,lean-up
1.33,1.93,3.31,2.65,4.29,3.88,lean-up
1.41,3.16,3.28,1.09,3.36,2.57,lean-up
3.69,4.68,3.34,2.32,4.3,2.25,lean-up
4.13,1.86,2.58,2.15,5.57,3.95,lean-up
3.06,3.69,1.88,3.19,4.34,4.24,lean-up
3.2,4.06,3.15,4.62,5.04,2.96,lean-up
4.52,4.83,2.27,1.53,5.33,3.3,lean-up
2.46,1.13,1.33,3.98,4.42,1.09,lean-up
2.1,3.26,4.58,2.47,5.26,4.75,lean-up
1.4,2.08,4.52,3.36,3.68,4.64,lean-up
2.82,3.09,3.84,1.75,3.07,2.19,lean-up
1.1,4.63,2.1,1.49,5.65,2.87,lean-up
4.69,4.02,2.32,3.97,4.73,2.03,lean-up
4.6,2.0,1.14,2.64,4.66,1.68,lean-up
1.76,3.78,2.67,1.09,4.41,4.32,lean-up
1.01,4.63,3.68,4.11,5.07,4.89,lean-up
4.03,3.89,1.37,3.38,4.88,2.86,lean-up
4.94,2.6,2.17,3.83,5.87,4.31,lean-up
1.63,1.29,1.61,4.23,4.8,4.0,lean-up
1.82,1.74,1.74,1.42,4.03,2.71,lean-up
4.72,1.09,2.62,4.0,5.27,4.15,lean-up
1.1,3.87,3.91,2.62,5.81,4.84,lean-up
4.08,2.39,1.69,3.85,5.71,4.99,lean-up
3.64,2.28,3.44,3.75,3.57,2.41,lean-up
3.7,2.4,3.8,1.43,4.05,1.56,lean-up
4.85,4.2,4.83,2.29,5.16,1.15,lean-up
4.24,4.46,4.93,1.5,5.22,1.1,lean-up
2.18,2.74,3.26,1.58,5.35,1.3,lean-up
1.26,1.76,4.01,2.92,4.94,1.33,lean-up
1.85,1.41,1.84,2.22,5.37,4.92,lean-up
2.48,3.26,2.54,3.23,3.17,2.9,lean-up
5.09,1.17,4.0,2.02,3.61,4.44,left-to-right-swing
5.5,3.02,3.76,3.81,1.84,1.42,left-to-right-swing
4.09,2.97,3.62,4.52,3.85,1.02,left-to-right-swing
3.75,1.66,1.15,2.58,3.77,2.37,left-to-right-swing
5.93,1.26,4.84,4.59,2.9,2.86,left-to-right-swing
5.05,4.96,3.57,3.1,2.95,1.36,left-to-right-swing
4.98,4.61,1.28,4.78,3.9,1.83,left-to-right-swing
3.57,3.36,2.61,1.15,2.94,1.55,left-to-right-swing
4.12,2.56,2.82,4.36,3.44,3.36,left-to-right-swing
3.6,1.55,1.38,4.6,3.04,1.77,left-to-right-swing
3.13,1.97,3.5,3.08,4.97,3.4,left-to-right-swing
5.39,4.09,4.63,3.29,2.17,3.42,left-to-right-swing
5.22,1.54,1.33,3.94,2.86,1.11,left-to-right-swing
3.73,2.63,3.08,4.18,2.24,1.04,left-to-right-swing
3.21,3.24,2.03,4.6,1.09,4.73,left-to-right-swing
3.88,4.23,4.14,3.96,1.13,3.77,left-to-right-swing
5.57,2.54,2.17,3.02,2.14,2.39,left-to-right-swing
4.23,3.86,3.46,2.43,1.58,3.68,left-to-right-swing
4.48,1.09,4.51,1.96,4.46,2.24,left-to-right-swing
5.79,3.24,2.41,4.7,3.62,1.29,left-to-right-swing
3.39,3.15,1.97,1.72,1.18,4.72,left-to-right-swing
3.99,2.33,4.5,1.64,3.87,2.01,left-to-right-swing
4.98,4.94,4.05,2.58,1.12,4.33,left-to-right-swing
3.95,1.37,3.91,2.83,3.5,3.32,left-to-right-swing
3.31,1.48,3.22,3.61,1.33,1.48,left-to-right-swing
3.74,2.3,4.82,4.88,1.1,4.28,left-to-right-swing
3.05,2.17,1.8,2.25,2.32,5.0,left-to-right-swing
3.51,3.82,4.6,2.15,1.73,4.59,left-to-right-swing
5.5,3.51,2.74,3.96,1.75,2.69,left-to-right-swing
4.06,4.31,2.72,1.52,3.08,3.5,left-to-right-swing
5.55,2.49,3.02,2.85,4.84,3.42,left-to-right-swing
3.16,2.99,2.95,1.33,2.36,3.32,left-to-right-swing
3.67,4.76,1.78,3.59,2.41,4.98,left-to-right-swing
4.62,4.67,4.85,4.34,2.07,1.84,left-to-right-swing
5.9,4.87,2.4,2.94,3.83,2.75,left-to-right-swing
5.58,1.68,3.57,4.56,3.5,2.64,left-to-right-swing
4.63,1.58,1.34,3.2,4.44,2.12,left-to-right-swing
4.33,4.35,4.37,1.09,3.35,1.8,left-to-right-swing
5.95,3.47,2.17,2.71,2.82,2.78,left-to-right-swing
4.16,1.65,2.04,1.21,3.21,2.14,left-to-right-swing
3.42,3.97,1.23,1.31,1.26,4.11,left-to-right-swing
3.51,2.6,1.77,2.85,1.07,1.86,left-to-right-swing
3.26,1.77,1.58,2.86,2.04,1.48,left-to-right-swing
4.54,3.22,3.68,4.77,4.94,2.24,left-to-right-swing
4.78,4.81,4.34,2.73,1.08,4.03,left-to-right-swing
4.26,1.29,3.05,4.39,3.78,2.86,left-to-right-swing
4.01,1.74,4.98,4.76,3.05,3.41,left-to-right-swing
4.76,4.88,3.74,2.59,3.51,4.22,left-to-right-swing
5.8,2.23,3.94,1.44,3.24,4.74,left-to-right-swing
3.89,2.98,2.46,1.37,2.2,2.54,left-to-right-swing
3.93,1.92,3.51,1.97,4.21,1.5,left-to-right-swing
5.55,3.08,1.73,4.75,1.92,2.5,left-to-right-swing
3.06,4.25,4.38,2.16,2.25,3.71,left-to-right-swing
4.44,4.73,2.99,1.61,3.55,4.92,left-to-right-swing
5.58,3.92,4.82,3.55,2.23,1.98,left-to-right-swing
4.66,1.29,2.22,1.83,2.84,4.94,left-to-right-swing
3.64,1.15,2.85,3.46,2.44,3.91,left-to-right-swing
3.73,2.8,3.33,1.21,3.26,3.85,left-to-right-swing
4.01,1.84,1.84,3.58,4.53,3.59,left-to-right-swing
5.24,2.53,3.64,1.22,1.39,3.33,left-to-right-swing
5.3,4.47,4.09,3.85,1.31,1.15,left-to-right-swing
4.6,4.33,3.79,3.67,3.7,1.51,left-to-right-swing
4.91,3.32,4.87,4.93,2.99,4.03,left-to-right-swing
4.04,3.68,4.47,4.84,1.23,3.62,left-to-right-swing
5.25,2.06,3.7,4.17,2.07,4.43,left-to-right-swing
4.42,4.01,2.98,2.52,3.87,1.41,left-to-right-swing
3.04,3.61,3.98,4.06,2.15,4.13,left-to-right-swing
4.18,1.77,2.18,1.19,4.74,4.02,left-to-right-swing
5.08,4.08,1.26,2.56,1.33,3.22,left-to-right-swing
3.64,4.37,4.72,2.05,4.95,3.58,left-to-right-swing
3.85,4.79,2.49,3.1,4.22,4.67,left-to-right-swing
3.99,4.51,3.65,1.38,4.6,2.76,left-to-right-swing
3.13,2.26,3.22,3.71,2.7,2.02,left-to-right-swing
4.65,2.22,1.3,2.14,3.6,4.13,left-to-right-swing
4.05,2.05,2.95,3.89,3.5,1.25,left-to-right-swing
3.23,3.21,1.43,3.18,2.88,2.77,left-to-right-swing
4.72,2.65,3.21,3.43,4.63,4.75,left-to-right-swing
5.71,4.16,1.21,2.68,1.77,4.75,left-to-right-swing
3.9,3.44,3.52,3.39,3.42,1.07,left-to-right-swing
5.65,1.6,3.42,2.42,1.8,2.5,left-to-right-swing
4.93,2.19,1.87,1.76,1.06,3.7,left-to-right-swing
5.82,2.53,3.59,3.96,1.02,3.26,left-to-right-swing
3.51,2.64,4.29,4.97,1.33,4.26,left-to-right-swing
3.84,4.01,1.69,1.77,1.19,3.15,left-to-right-swing
4.45,2.91,4.27,3.92,3.57,2.23,left-to-right-swing
5.07,3.92,3.58,3.57,2.81,1.22,left-to-right-swing
3.81,4.52,2.56,2.57,2.96,4.92,left-to-right-swing
3.75,2.66,1.19,4.21,4.5,1.26,left-to-right-swing
5.15,3.49,4.85,1.05,1.89,1.82,left-to-right-swing
3.34,4.51,2.7,1.32,1.12,1.22,left-to-right-swing
5.53,4.82,1.03,2.83,4.64,1.13,left-to-right-swing
3.44,3.95,2.41,1.88,3.29,1.75,left-to-right-swing
5.46,3.57,4.58,3.96,4.08,2.34,left-to-right-swing
5.41,4.42,3.44,3.49,4.72,1.72,left-to-right-swing
3.03,1.02,4.96,4.29,2.74,2.97,left-to-right-swing
4.24,1.06,1.06,1.96,2.64,1.34,left-to-right-swing
4.38,1.55,2.41,4.83,1.63,2.31,left-to-right-swing
4.43,3.46,1.89,1.11,4.35,3.78,left-to-right-swing
5.16,4.53,1.5,3.14,2.1,4.84,left-to-right-swing
3.58,1.95,2.06,3.83,3.84,1.87,left-to-right-swing
5.95,2.45,3.68,3.04,4.08,1.17,left-to-right-swing
3.26,2.93,3.49,2.59,2.48,3.22,left-to-right-swing
3.78,3.55,3.54,4.48,2.05,3.34,left-to-right-swing
3.62,1.1,1.39,1.97,2.35,2.65,left-to-right-swing
3.74,3.23,4.99,5.0,3.15,1.57,left-to-right-swing
5.6,4.81,2.16,2.12,2.51,2.06,left-to-right-swing
4.42,4.24,1.19,4.72,2.78,2.83,left-to-right-swing
4.72,1.73,1.33,4.96,3.08,2.3,left-to-right-swing
5.1,2.65,1.63,4.28,1.87,2.24,left-to-right-swing
5.79,1.15,1.33,4.16,4.27,1.9,left-to-right-swing
3.94,1.9,3.82,2.71,4.85,1.0,left-to-right-swing
3.99,2.86,2.37,1.37,2.74,1.25,left-to-right-swing
6.0,2.41,2.48,4.6,3.95,1.66,left-to-right-swing
3.05,2.03,1.98,3.06,4.32,4.26,left-to-right-swing
5.78,1.06,1.55,4.67,4.09,4.36,left-to-right-swing
5.16,4.46,3.9,2.77,4.02,2.4,left-to-right-swing
3.91,1.96,4.9,4.87,3.33,4.68,left-to-right-swing
4.01,4.92,2.62,2.18,2.73,4.6,left-to-right-swing
4.3,4.47,2.8,3.81,4.04,1.78,left-to-right-swing
4.2,3.28,1.55,3.5,1.12,3.31,left-to-right-swing
3.81,1.08,4.04,2.58,2.48,4.47,left-to-right-swing
3.85,2.96,2.75,2.32,3.22,1.12,left-to-right-swing
3.41,3.32,2.1,3.44,4.57,4.39,left-to-right-swing
3.49,4.55,2.66,3.97,1.81,1.84,left-to-right-swing
3.16,2.47,1.71,3.86,2.6,1.37,left-to-right-swing
4.67,2.14,1.55,3.67,4.59,3.4,left-to-right-swing
5.58,2.22,3.32,1.89,2.87,1.1,left-to-right-swing
3.64,3.8,2.95,3.35,1.29,3.53,left-to-right-swing
5.96,1.74,4.56,4.08,3.02,2.89,left-to-right-swing
5.5,4.17,3.47,3.48,2.19,2.94,left-to-right-swing
5.36,1.8,4.92,2.82,2.31,3.85,left-to-right-swing
5.64,3.11,3.33,4.06,1.9,2.83,left-to-right-swing
4.06,3.64,3.37,4.83,4.55,1.58,left-to-right-swing
5.25,1.89,4.28,2.34,4.41,1.73,left-to-right-swing
5.21,2.14,1.44,3.48,1.48,3.03,left-to-right-swing
5.29,3.31,4.53,1.87,3.77,3.53,left-to-right-swing
4.0,3.89,1.27,2.17,3.3,1.77,left-to-right-swing
3.29,1.26,1.18,4.96,2.54,3.29,left-to-right-swing
4.17,4.19,2.0,1.77,3.52,2.31,left-to-right-swing
5.56,3.95,4.3,3.17,3.52,1.49,left-to-right-swing
5.25,3.07,2.19,1.14,2.42,2.15,left-to-right-swing
3.3,2.13,2.81,1.49,1.97,1.38,left-to-right-swing
3.33,3.91,1.3,4.72,4.2,2.47,left-to-right-swing
3.5,2.29,1.14,3.17,3.79,2.43,left-to-right-swing
4.18,4.98,4.75,1.27,1.33,3.63,left-to-right-swing
4.24,1.05,1.73,1.69,4.99,1.49,left-to-right-swing
5.46,4.02,4.35,3.68,1.04,2.27,left-to-right-swing
4.8,1.44,4.95,1.7,3.69,4.76,left-to-right-swing
3.25,4.21,2.29,2.7,3.5,4.13,left-to-right-swing
4.99,1.18,2.87,2.39,3.33,4.11,left-to-right-swing
5.6,1.22,3.03,2.37,2.86,3.85,left-to-right-swing
3.26,2.42,4.49,1.34,4.93,4.2,left-to-right-swing
3.01,2.55,3.11,1.25,4.79,1.84,left-to-right-swing
4.14,2.73,2.27,4.8,1.78,1.03,left-to-right-swing
4.88,3.32,4.27,4.21,3.72,2.9,left-to-right-swing
5.25,3.68,2.73,2.42,2.46,1.58,left-to-right-swing
4.99,2.25,3.43,4.15,1.99,3.13,left-to-right-swing
5.96,2.31,4.89,1.43,3.75,1.74,left-to-right-swing
4.39,4.05,4.47,2.3,1.33,1.59,left-to-right-swing
5.01,2.46,3.3,3.54,4.12,1.42,left-to-right-swing
3.78,3.63,3.47,1.8,3.5,1.28,left-to-right-swing
3.35,1.82,3.54,4.95,1.94,2.53,left-to-right-swing
5.0,2.65,2.39,2.48,4.54,2.73,left-to-right-swing
3.95,1.44,3.51,4.44,1.64,3.65,left-to-right-swing
3.46,2.7,1.64,1.91,4.2,2.2,left-to-right-swing
3.06,1.85,2.39,1.9,4.38,1.35,left-to-right-swing
-4.04,2.96,1.16,4.87,4.78,2.26,right-to-left-swing
-4.26,1.69,2.19,4.81,2.2,2.11,right-to-left-swing
-5.29,3.1,3.58,2.07,3.9,4.49,right-to-left-swing
-4.08,3.03,4.0,1.77,4.36,4.41,right-to-left-swing
-3.56,3.43,4.81,4.07,3.53,2.12,right-to-left-swing
-4.67,1.44,4.72,4.1,1.3,4.35,right-to-left-swing
-5.05,1.86,4.74,4.41,4.11,4.28,right-to-left-swing
-3.58,4.83,1.19,1.23,4.27,2.34,right-to-left-swing
-3.52,3.08,3.28,2.12,1.84,4.71,right-to-left-swing
-3.48,4.5,1.58,3.96,1.89,4.04,right-to-left-swing
-4.16,2.54,4.67,3.82,1.62,2.61,right-to-left-swing
-4.61,1.01,4.98,1.82,2.88,1.27,right-to-left-swing
-5.02,4.64,2.36,2.01,4.17,3.22,right-to-left-swing
-4.61,3.4,2.37,1.85,3.39,2.44,right-to-left-swing
-4.58,3.77,2.27,4.12,4.13,4.87,right-to-left-swing
-5.16,4.82,2.06,4.68,4.4,3.95,right-to-left-swing
-5.9,1.16,2.18,2.64,1.2,1.18,right-to-left-swing
-5.54,1.94,1.04,3.59,4.65,1.64,right-to-left-swing
-3.03,4.15,2.0,3.04,4.37,1.66,right-to-left-swing
-4.42,2.75,1.16,4.58,3.2,4.29,right-to-left-swing
-3.64,1.7,2.4,3.09,3.09,4.49,right-to-left-swing
-3.86,4.6,4.22,2.76,4.74,4.56,right-to-left-swing
-3.69,4.12,3.49,4.69,1.15,2.87,right-to-left-swing
-5.78,2.13,2.37,4.1,2.14,4.19,right-to-left-swing
-3.32,1.24,1.21,1.17,4.31,4.11,right-to-left-swing
-3.6,2.15,4.38,4.34,1.26,3.59,right-to-left-swing
-5.27,3.32,1.81,2.28,4.63,1.94,right-to-left-swing
-3.04,3.25,3.16,1.55,2.32,3.04,right-to-left-swing
-4.69,4.73,4.82,4.27,3.87,1.78,right-to-left-swing
-3.93,2.22,1.62,3.58,2.61,4.0,right-to-left-swing
-5.05,2.92,3.87,3.32,1.1,3.55,right-to-left-swing
-4.31,2.82,2.0,2.7,2.93,2.22,right-to-left-swing
-3.94,4.21,4.38,1.08,4.83,2.69,right-to-left-swing
-3.38,3.95,4.08,4.3,1.78,3.51,right-to-left-swing
-5.56,3.32,2.8,3.81,4.23,1.19,right-to-left-swing
-3.6,4.95,3.78,2.74,3.74,3.44,right-to-left-swing
-5.67,4.03,3.01,1.77,3.25,3.85,right-to-left-swing
-4.76,3.25,2.72,1.61,2.71,4.22,right-to-left-swing
-3.64,2.0,1.68,4.77,4.32,1.67,right-to-left-swing
-3.28,1.91,2.52,2.97,4.52,2.99,right-to-left-swing
-4.61,2.0,1.81,3.95,2.35,2.36,right-to-left-swing
-5.71,4.24,2.88,2.03,3.61,4.21,right-to-left-swing
-3.13,3.42,1.35,3.06,3.14,2.47,right-to-left-swing
-3.86,1.31,2.3,2.16,4.71,4.9,right-to-left-swing
-5.12,4.91,2.03,4.18,1.08,4.46,right-to-left-swing
-5.12,4.25,2.59,1.58,2.86,4.48,right-to-left-swing
-4.05,4.91,1.97,1.75,4.49,3.3,right-to-left-swing
-5.63,1.44,2.69,1.7,3.16,2.39,right-to-left-swing
-5.83,2.46,1.73,3.21,3.98,2.85,right-to-left-swing
-5.28,4.18,1.88,2.04,3.74,2.4,right-to-left-swing
-4.04,2.83,1.19,2.59,3.25,2.81,right-to-left-swing
-4.93,1.68,2.58,3.24,1.98,4.0,right-to-left-swing
-5.1,4.42,3.66,1.89,4.37,3.54,right-to-left-swing
-4.49,3.2,2.41,2.88,1.89,2.5,right-to-left-swing
-5.77,1.02,1.27,4.51,1.13,4.67,right-to-left-swing
-5.2,1.33,4.31,3.8,1.95,4.42,right-to-left-swing
-5.61,3.38,2.93,4.1,3.45,2.8,right-to-left-swing
-4.61,3.15,4.94,1.86,3.7,1.84,right-to-left-swing
-5.76,1.4,1.36,1.74,1.68,1.43,right-to-left-swing
-5.23,3.76,4.42,1.24,4.64,3.34,right-to-left-swing
-5.82,3.66,2.39,3.04,3.66,1.42,right-to-left-swing
-4.82,4.56,3.07,4.32,1.08,2.84,right-to-left-swing
-5.84,1.46,2.28,2.11,2.45,2.77,right-to-left-swing
-4.01,3.24,4.85,4.32,1.15,4.74,right-to-left-swing
-4.6,1.59,1.13,2.83,1.85,1.98,right-to-left-swing
-4.39,3.22,2.11,1.83,4.47,4.92,right-to-left-swing
-4.51,2.79,2.52,4.95,2.8,1.9,right-to-left-swing
-5.34,3.24,2.5,2.33,2.31,3.92,right-to-left-swing
-5.21,1.89,4.04,2.35,2.21,4.43,right-to-left-swing
-5.2,4.32,2.89,2.8,4.7,2.04,right-to-left-swing
-3.23,3.21,1.71,2.28,1.05,1.3,right-to-left-swing
-5.7,1.37,1.69,2.23,3.19,1.47,right-to-left-swing
-4.66,3.42,1.48,4.07,2.27,3.79,right-to-left-swing
-3.11,4.89,3.55,1.55,1.62,4.51,right-to-left-swing
-4.78,3.59,4.19,1.17,4.61,2.49,right-to-left-swing
-3.18,1.54,3.84,1.18,4.59,4.36,right-to-left-swing
-4.04,2.17,3.74,1.9,3.01,1.24,right-to-left-swing
-4.16,3.14,3.87,4.83,4.33,4.31,right-to-left-swing
-5.65,2.47,2.12,2.8,3.24,3.17,right-to-left-swing
-4.36,4.36,4.9,4.64,4.42,2.96,right-to-left-swing
-5.24,2.13,2.84,2.67,2.14,3.37,right-to-left-swing
-4.96,3.8,4.3,1.93,3.31,2.67,right-to-left-swing
-3.13,1.73,3.69,3.49,4.73,4.84,right-to-left-swing
-5.79,2.21,4.49,3.51,2.94,1.22,right-to-left-swing
-4.51,3.63,1.93,4.74,2.97,3.35,right-to-left-swing
-4.04,3.26,2.65,4.33,2.3,1.99,right-to-left-swing
-3.7,2.67,4.62,3.45,3.52,4.65,right-to-left-swing
-4.44,3.16,3.69,4.54,4.71,1.02,right-to-left-swing
-5.55,2.17,2.19,3.97,3.2,4.95,right-to-left-swing
-5.58,1.96,3.03,3.23,4.23,1.33,right-to-left-swing
-5.07,1.24,4.82,1.69,2.33,2.9,right-to-left-swing
-4.35,4.33,1.87,4.28,4.18,3.36,right-to-left-swing
-3.38,3.4,3.43,1.4,4.38,4.42,right-to-left-swing
-3.63,2.57,2.7,1.23,2.64,1.74,right-to-left-swing
-4.88,3.62,4.88,4.37,3.41,3.24,right-to-left-swing
-3.75,4.33,3.4,2.71,1.11,1.74,right-to-left-swing
-4.35,1.48,3.88,4.2,1.64,2.6,right-to-left-swing
-5.64,3.51,4.49,2.91,3.03,1.52,right-to-left-swing
-4.59,2.36,3.0,4.37,2.14,1.6,right-to-left-swing
-3.7,2.94,4.82,1.91,3.4,2.7,right-to-left-swing
-5.79,2.36,1.92,1.95,3.03,1.67,right-to-left-swing
-4.72,3.15,1.79,3.95,1.56,1.26,right-to-left-swing
-4.72,1.21,3.3,3.42,3.17,2.47,right-to-left-swing
-5.72,1.89,1.9,1.72,4.67,3.36,right-to-left-swing
-3.65,4.22,4.95,3.28,1.46,2.62,right-to-left-swing
-3.26,3.93,4.4,4.97,4.45,3.01,right-to-left-swing
-5.54,3.84,1.18,2.41,2.47,1.15,right-to-left-swing
-4.85,2.75,3.22,1.56,3.22,4.05,right-to-left-swing
-4.81,2.21,4.21,1.55,3.62,1.39,right-to-left-swing
-4.21,4.58,3.8,2.08,3.87,3.47,right-to-left-swing
-3.93,3.27,1.46,1.03,3.82,4.41,right-to-left-swing
-3.1,1.48,1.92,1.11,3.5,4.89,right-to-left-swing
-3.43,1.6,1.82,4.39,4.22,4.47,right-to-left-swing
-4.3,1.47,4.96,1.79,2.47,3.02,right-to-left-swing
-3.51,4.66,3.56,1.79,4.82,1.48,right-to-left-swing
-3.34,3.97,4.58,2.03,1.06,4.46,right-to-left-swing
-3.67,4.29,4.62,3.45,4.0,2.78,right-to-left-swing
-3.17,1.95,3.64,1.58,4.26,2.33,right-to-left-swing
-4.03,2.23,4.97,3.81,4.49,2.72,right-to-left-swing
-3.88,4.69,2.57,2.71,2.03,3.69,right-to-left-swing
-3.24,1.99,2.78,2.52,2.05,3.84,right-to-left-swing
-4.22,3.22,1.75,2.11,3.13,3.9,right-to-left-swing
-3.13,2.98,4.91,2.48,1.4,1.12,right-to-left-swing
-5.61,3.53,1.34,1.23,2.31,2.29,right-to-left-swing
-4.3,1.2,2.24,2.97,4.25,4.96,right-to-left-swing
-3.35,1.23,2.26,1.45,2.06,2.09,right-to-left-swing
-3.45,2.98,3.57,4.72,1.93,4.5,right-to-left-swing
-5.32,2.7,1.41,1.47,4.78,4.78,right-to-left-swing
-5.9,3.43,2.87,4.32,4.68,4.59,right-to-left-swing
-4.47,1.44,3.08,3.28,4.9,2.46,right-to-left-swing
-3.2,1.21,1.27,1.68,3.9,2.3,right-to-left-swing
-4.5,1.8,1.89,3.18,2.62,4.22,right-to-left-swing
-3.35,3.15,1.6,4.75,4.47,1.49,right-to-left-swing
-4.13,4.74,3.71,1.83,1.48,4.97,right-to-left-swing
-3.49,3.11,3.32,1.96,1.53,1.82,right-to-left-swing
-4.9,3.98,3.25,1.55,1.16,3.57,right-to-left-swing
-5.94,4.62,3.95,1.61,3.97,4.32,right-to-left-swing
-3.38,2.51,2.9,1.79,4.86,1.05,right-to-left-swing
-5.62,2.73,3.91,4.06,3.89,4.33,right-to-left-swing
-5.97,4.43,2.41,2.76,1.84,4.22,right-to-left-swing
-4.33,2.48,1.44,1.49,2.3,3.24,right-to-left-swing
-5.79,3.77,1.9,2.59,4.2,2.6,right-to-left-swing
-5.44,1.02,1.27,1.67,4.1,2.82,right-to-left-swing
-3.45,3.07,4.07,4.09,3.44,1.11,right-to-left-swing
-5.6,4.03,3.52,4.6,3.36,4.12,right-to-left-swing
-3.99,3.89,4.38,2.88,2.0,1.71,right-to-left-swing
-3.64,2.97,4.99,4.76,4.73,3.8,right-to-left-swing
-4.08,1.33,4.64,4.25,4.84,4.32,right-to-left-swing
-4.0,3.81,3.97,4.61,3.5,4.42,right-to-left-swing
-4.18,3.6,3.19,1.41,3.69,4.64,right-to-left-swing
-5.4,2.6,2.89,2.4,2.9,4.96,right-to-left-swing
-5.56,4.5,4.89,2.19,3.25,3.32,right-to-left-swing
-5.51,3.83,4.27,4.82,2.01,1.74,right-to-left-swing
-5.05,2.42,1.8,1.46,4.88,4.67,right-to-left-swing
-4.83,2.81,1.88,1.33,2.9,1.24,right-to-left-swing
-3.05,2.24,4.72,1.5,3.96,4.15,right-to-left-swing
-5.2,2.3,3.65,3.0,3.06,4.7,right-to-left-swing
-3.65,4.35,2.88,3.97,3.65,2.76,right-to-left-swing
-5.27,3.92,1.56,3.54,4.87,1.92,right-to-left-swing
-5.88,4.18,3.57,4.96,1.85,4.61,right-to-left-swing
-4.56,3.82,2.81,1.17,3.74,3.09,right-to-left-swing
-4.92,3.41,4.32,1.53,1.06,4.64,right-to-left-swing
-5.06,4.8,1.77,4.48,1.47,4.97,right-to-left-swing
-3.65,4.11,1.6,4.1,2.34,3.5,right-to-left-swing
-5.91,4.98,3.22,4.17,1.9,2.1,right-to-left-swing
-5.16,1.32,2.45,2.97,4.38,4.71,right-to-left-swing
1.63,-3.89,2.2,4.84,1.59,3.91,up-to-down-swing
2.04,-5.11,3.09,1.57,1.44,2.51,up-to-down-swing
2.65,-4.22,4.51,1.0,4.98,1.11,up-to-down-swing
2.68,-3.51,2.32,2.6,3.51,3.84,up-to-down-swing
2.37,-5.27,3.96,3.05,1.12,4.86,up-to-down-swing
1.1,-4.26,3.72,2.86,1.02,3.94,up-to-down-swing
2.95,-5.03,2.59,3.75,1.47,3.8,up-to-down-swing
3.85,-3.31,3.4,3.23,4.98,2.82,up-to-down-swing
1.5,-3.1,3.87,2.35,3.93,2.14,up-to-down-swing
4.04,-5.92,2.5,3.51,2.69,1.37,up-to-down-swing
2.88,-3.99,4.14,4.63,1.81,3.27,up-to-down-swing
1.49,-3.94,2.86,1.88,3.37,4.45,up-to-down-swing
1.74,-5.41,3.32,3.64,1.97,3.84,up-to-down-swing
3.21,-5.16,2.66,1.56,4.66,2.23,up-to-down-swing
2.13,-5.23,4.82,2.67,4.1,1.15,up-to-down-swing
4.0,-5.72,3.42,3.15,3.87,4.34,up-to-down-swing
2.39,-5.59,2.21,2.19,4.37,1.73,up-to-down-swing
4.2,-5.23,4.2,4.49,1.39,2.71,up-to-down-swing
2.93,-5.46,4.66,1.35,2.23,4.28,up-to-down-swing
2.17,-5.06,2.09,1.39,1.88,4.71,up-to-down-swing
1.33,-4.3,3.3,4.79,2.99,4.13,up-to-down-swing
4.27,-4.77,3.31,3.52,1.95,3.84,up-to-down-swing
3.11,-4.14,4.31,1.45,1.96,4.25,up-to-down-swing
1.23,-4.5,4.55,4.79,2.67,2.28,up-to-down-swing
1.01,-3.45,1.79,1.9,1.73,2.34,up-to-down-swing
3.4,-3.34,3.97,4.1,3.05,1.89,up-to-down-swing
4.03,-3.9,4.11,2.88,1.11,1.26,up-to-down-swing
4.75,-3.78,2.16,4.55,3.31,3.93,up-to-down-swing
3.69,-5.52,2.25,4.39,2.01,3.45,up-to-down-swing
2.16,-3.01,4.5,1.26,1.21,1.91,up-to-down-swing
4.07,-3.87,1.87,4.02,4.23,2.02,up-to-down-swing
1.54,-3.52,3.64,3.92,4.88,3.79,up-to-down-swing
4.86,-5.85,2.05,4.27,2.16,2.28,up-to-down-swing
4.85,-3.46,2.75,4.6,4.14,3.64,up-to-down-swing
1.59,-4.38,2.71,4.78,3.03,3.39,up-to-down-swing
4.39,-4.12,1.08,3.44,4.11,1.7,up-to-down-swing
1.59,-3.64,2.75,2.65,1.81,1.13,up-to-down-swing
3.18,-3.61,2.02,2.04,3.64,2.79,up-to-down-swing
4.09,-3.56,3.19,4.85,1.01,1.15,up-to-down-swing
1.34,-3.96,1.29,4.05,3.55,2.15,up-to-down-swing
4.82,-4.1,2.56,4.58,1.05,4.5,up-to-down-swing
3.04,-5.65,2.82,4.12,2.12,4.57,up-to-down-swing
3.52,-4.54,4.34,4.93,4.97,2.79,up-to-down-swing
2.29,-5.23,2.41,3.29,3.88,1.98,up-to-down-swing
4.45,-3.04,3.37,4.53,1.52,3.51,up-to-down-swing
1.06,-3.17,2.33,2.5,2.85,3.15,up-to-down-swing
4.32,-5.63,3.12,1.21,4.6,2.09,up-to-down-swing
2.44,-4.72,4.14,4.63,2.2,2.83,up-to-down-swing
1.21,-4.69,3.87,3.52,3.25,3.12,up-to-down-swing
3.75,-5.29,4.71,4.55,2.48,1.06,up-to-down-swing
1.4,-3.8,4.85,3.57,1.6,3.1,up-to-down-swing
2.31,-3.9,1.52,1.97,2.61,4.5,up-to-down-swing
4.58,-3.09,2.07,2.68,2.11,4.03,up-to-down-swing
4.86,-5.51,2.11,1.23,4.54,2.52,up-to-down-swing
4.57,-4.52,2.39,4.11,1.34,2.68,up-to-down-swing
2.22,-4.27,1.13,2.27,2.91,1.44,up-to-down-swing
4.23,-5.91,4.72,3.47,2.05,3.44,up-to-down-swing
1.97,-4.77,2.42,2.83,2.57,3.65,up-to-down-swing
2.85,-4.12,1.99,3.67,4.19,3.72,up-to-down-swing
3.21,-4.69,4.37,3.37,3.56,2.39,up-to-down-swing
3.21,-4.81,1.51,3.79,3.35,3.71,up-to-down-swing
3.94,-4.4,4.72,1.91,4.17,3.1,up-to-down-swing
2.29,-5.85,2.99,2.12,2.8,4.9,up-to-down-swing
4.05,-4.27,3.35,4.12,1.37,4.24,up-to-down-swing
1.21,-5.4,2.78,2.6,2.11,1.26,up-to-down-swing
2.51,-4.78,2.52,3.4,3.4,3.89,up-to-down-swing
1.36,-5.81,2.31,2.18,2.59,3.63,up-to-down-swing
1.38,-4.71,3.63,2.51,4.46,3.99,up-to-down-swing
4.61,-5.51,2.93,2.9,3.14,1.17,up-to-down-swing
1.9,-3.89,4.55,2.47,3.58,3.19,up-to-down-swing
3.0,-4.13,1.92,3.57,4.82,4.45,up-to-down-swing
4.89,-4.99,1.39,4.32,1.19,3.32,up-to-down-swing
3.36,-3.24,2.63,4.04,4.94,3.96,up-to-down-swing
3.43,-5.75,3.42,4.7,1.59,2.72,up-to-down-swing
2.63,-3.39,1.19,3.74,1.63,2.62,up-to-down-swing
4.74,-3.44,1.2,2.62,1.49,3.49,up-to-down-swing
1.7,-5.29,4.22,1.16,4.84,4.15,up-to-down-swing
4.67,-3.83,2.04,1.23,2.54,3.96,up-to-down-swing
2.62,-3.79,4.4,1.55,4.85,3.26,up-to-down-swing
4.18,-5.31,4.68,3.5,3.09,2.86,up-to-down-swing
2.28,-3.17,3.74,3.15,2.13,2.66,up-to-down-swing
4.07,-5.01,1.28,2.82,3.78,3.48,up-to-down-swing
2.89,-5.03,1.13,4.31,1.8,2.4,up-to-down-swing
3.48,-3.6,3.25,4.17,1.47,4.72,up-to-down-swing
2.13,-5.18,3.29,1.74,1.36,1.44,up-to-down-swing
3.34,-4.06,4.59,3.89,1.51,3.31,up-to-down-swing
1.98,-3.43,2.89,1.7,3.92,3.15,up-to-down-swing
1.47,-5.56,4.6,1.54,4.54,2.99,up-to-down-swing
2.96,-5.96,2.8,4.92,3.96,2.84,up-to-down-swing
4.77,-5.6,1.04,2.97,2.08,4.06,up-to-down-swing
2.0,-4.01,4.35,3.18,1.89,3.73,up-to-down-swing
3.84,-5.14,4.95,4.38,3.01,4.58,up-to-down-swing
2.4,-4.61,1.58,1.8,2.04,3.08,up-to-down-swing
1.29,-5.23,1.53,4.0,3.16,1.36,up-to-down-swing
4.85,-3.07,2.61,1.28,3.97,3.66,up-to-down-swing
4.72,-5.86,1.59,1.04,1.08,3.17,up-to-down-swing
4.31,-3.84,3.98,1.8,1.56,1.04,up-to-down-swing
4.98,-3.72,2.59,1.84,3.09,2.71,up-to-down-swing
1.76,-3.29,2.86,4.68,4.99,4.99,up-to-down-swing
4.04,-3.89,3.52,1.67,4.66,1.85,up-to-down-swing
2.63,-5.99,4.03,3.58,3.46,3.67,up-to-down-swing
1.98,-4.77,4.39,1.74,4.22,1.75,up-to-down-swing
1.41,-5.78,4.2,1.67,3.07,2.39,up-to-down-swing
1.25,-3.7,4.31,2.35,3.13,4.3,up-to-down-swing
3.06,-4.5,2.66,1.72,3.81,3.82,up-to-down-swing
1.27,-4.67,4.06,3.05,2.08,2.15,up-to-down-swing
1.3,-5.22,4.34,1.68,4.26,3.05,up-to-down-swing
2.68,-5.91,1.88,4.43,4.5,4.17,up-to-down-swing
4.06,-3.38,1.09,4.88,4.97,1.79,up-to-down-swing
3.69,-3.19,2.39,1.34,2.14,2.21,up-to-down-swing
3.4,-3.38,2.78,2.27,3.42,4.22,up-to-down-swing
4.84,-4.94,2.85,4.25,1.57,1.98,up-to-down-swing
4.01,-5.86,3.08,1.95,3.82,1.6,up-to-down-swing
3.95,-3.32,2.65,2.65,4.39,2.48,up-to-down-swing
3.82,-5.74,1.71,2.43,1.51,3.16,up-to-down-swing
1.25,-4.67,2.49,4.68,1.77,2.02,up-to-down-swing
3.37,-5.16,4.67,3.06,3.06,4.32,up-to-down-swing
2.01,-3.99,2.48,1.64,3.79,3.3,up-to-down-swing
2.11,-3.22,4.6,4.53,1.2,3.74,up-to-down-swing
2.27,-4.32,3.25,2.73,3.24,4.32,up-to-down-swing
4.21,-3.87,1.38,2.46,1.45,3.16,up-to-down-swing
2.75,-5.15,3.04,3.66,4.59,4.13,up-to-down-swing
2.79,-4.85,4.52,1.34,2.79,1.15,up-to-down-swing
4.6,-3.53,1.59,4.23,2.11,2.72,up-to-down-swing
1.22,-3.38,3.41,1.08,3.39,4.34,up-to-down-swing
2.06,-3.75,4.12,2.14,2.26,1.41,up-to-down-swing
3.75,-5.59,3.46,2.31,3.62,4.67,up-to-down-swing
3.05,-5.93,3.83,4.09,1.66,4.94,up-to-down-swing
2.75,-4.83,3.93,4.8,4.44,1.89,up-to-down-swing
2.33,-4.17,3.76,3.8,2.25,3.17,up-to-down-swing
2.62,-3.64,4.93,2.2,4.55,1.87,up-to-down-swing
4.33,-4.4,4.29,3.12,1.65,4.0,up-to-down-swing
1.89,-4.27,4.23,1.25,4.56,3.34,up-to-down-swing
2.26,-4.26,1.62,1.7,4.95,3.2,up-to-down-swing
4.27,-4.37,1.01,3.79,2.85,2.78,up-to-down-swing
2.54,-5.84,4.42,4.42,2.93,1.04,up-to-down-swing
3.16,-5.25,2.95,3.69,4.56,1.13,up-to-down-swing
3.3,-4.76,1.6,3.17,1.69,3.05,up-to-down-swing
3.96,-3.52,3.76,1.56,4.44,2.79,up-to-down-swing
3.57,-3.05,3.62,4.01,4.81,3.61,up-to-down-swing
4.45,-5.92,2.03,4.58,1.57,3.87,up-to-down-swing
4.38,-5.2,4.99,2.22,2.4,3.65,up-to-down-swing
1.59,-4.64,1.76,2.95,1.63,2.65,up-to-down-swing
4.69,-4.33,2.2,1.84,4.51,3.75,up-to-down-swing
4.33,-3.82,2.58,3.31,3.62,1.01,up-to-down-swing
2.77,-4.5,1.47,2.25,2.49,1.78,up-to-down-swing
2.73,-5.83,4.59,1.07,1.84,2.11,up-to-down-swing
4.41,-4.71,1.04,3.83,2.22,4.05,up-to-down-swing
3.65,-4.33,1.93,4.43,1.39,4.31,up-to-down-swing
2.01,-5.69,1.57,4.82,3.88,2.71,up-to-down-swing
4.76,-3.83,4.13,3.42,3.34,4.91,up-to-down-swing
4.07,-5.22,2.95,3.1,4.25,2.87,up-to-down-swing
1.64,-3.05,3.36,1.62,2.59,2.46,up-to-down-swing
1.31,-4.63,3.52,1.65,4.32,3.63,up-to-down-swing
3.73,-3.83,1.05,2.81,3.45,1.66,up-to-down-swing
1.64,-4.75,1.29,3.37,2.98,2.43,up-to-down-swing
4.57,-5.37,2.39,4.14,2.44,4.14,up-to-down-swing
2.71,-3.15,3.21,3.54,3.19,4.39,up-to-down-swing
2.0,-4.57,3.02,1.13,1.11,1.66,up-to-down-swing
2.64,-3.89,2.09,3.83,4.27,1.27,up-to-down-swing
3.19,-5.49,3.85,1.09,2.76,2.41,up-to-down-swing
4.32,-3.84,2.79,1.2,2.19,3.48,up-to-down-swing
1.24,-5.46,3.07,3.39,1.95,4.76,up-to-down-swing
4.92,-3.34,3.48,3.27,2.58,3.34,up-to-down-swing
2.17,-4.0,4.56,4.53,4.18,1.8,up-to-down-swing
4.35,-3.58,4.44,3.96,2.27,4.12,up-to-down-swing
